lon,lat
-124.5,39.03
-124.5,39.12
-124.5,39.22
-124.5,39.31
-124.5,39.41
-124.5,39.51
-124.5,39.6
-124.5,39.7
-124.5,39.79
-124.5,39.89
-124.5,39.98
-124.5,40.08
-124.5,40.18
-124.5,40.27
-124.5,40.37
-124.5,40.46
-124.5,40.56
-124.5,40.66
-124.5,40.75
-124.5,40.85
-124.5,40.94
-124.5,41.04
-124.5,41.14
-124.5,41.23
-124.5,41.33
-124.5,41.42
-124.5,41.52
-124.5,41.62
-124.5,41.71
-124.5,41.81
-124.5,41.9
-124.5,42
-124.39,38.93
-124.39,39.03
-124.39,39.12
-124.39,39.22
-124.39,39.31
-124.39,39.41
-124.39,39.51
-124.39,39.6
-124.39,39.7
-124.39,39.79
-124.39,39.89
-124.39,39.98
-124.39,40.08
-124.39,40.18
-124.39,40.27
-124.39,40.37
-124.39,40.46
-124.39,40.56
-124.39,40.66
-124.39,40.75
-124.39,40.85
-124.39,40.94
-124.39,41.04
-124.39,41.14
-124.39,41.23
-124.39,41.33
-124.39,41.42
-124.39,41.52
-124.39,41.62
-124.39,41.71
-124.39,41.81
-124.39,41.9
-124.39,42
-124.29,38.83
-124.29,38.93
-124.29,39.03
-124.29,39.12
-124.29,39.22
-124.29,39.31
-124.29,39.41
-124.29,39.51
-124.29,39.6
-124.29,39.7
-124.29,39.79
-124.29,39.89
-124.29,39.98
-124.29,40.08
-124.29,40.18
-124.29,40.27
-124.29,40.37
-124.29,40.46
-124.29,40.56
-124.29,40.66
-124.29,40.75
-124.29,40.85
-124.29,40.94
-124.29,41.04
-124.29,41.14
-124.29,41.23
-124.29,41.33
-124.29,41.42
-124.29,41.52
-124.29,41.62
-124.29,41.71
-124.29,41.81
-124.29,41.9
-124.29,42
-124.18,38.74
-124.18,38.83
-124.18,38.93
-124.18,39.03
-124.18,39.12
-124.18,39.22
-124.18,39.31
-124.18,39.41
-124.18,39.51
-124.18,39.6
-124.18,39.7
-124.18,39.79
-124.18,39.89
-124.18,39.98
-124.18,40.08
-124.18,40.18
-124.18,40.27
-124.18,40.37
-124.18,40.46
-124.18,40.56
-124.18,40.66
-124.18,40.85
-124.18,40.94
-124.18,41.04
-124.18,41.14
-124.18,41.23
-124.18,41.33
-124.18,41.42
-124.18,41.52
-124.18,41.62
-124.18,41.71
-124.18,41.81
-124.18,41.9
-124.18,42
-124.08,38.64
-124.08,38.74
-124.08,38.83
-124.08,38.93
-124.08,39.03
-124.08,39.12
-124.08,39.22
-124.08,39.31
-124.08,39.41
-124.08,39.51
-124.08,39.6
-124.08,39.7
-124.08,39.79
-124.08,39.89
-124.08,39.98
-124.08,40.08
-124.08,40.18
-124.08,40.27
-124.08,40.37
-124.08,40.46
-124.08,40.56
-124.08,40.66
-124.08,40.75
-124.08,40.85
-124.08,40.94
-124.08,41.04
-124.08,41.14
-124.08,41.23
-124.08,41.33
-124.08,41.42
-124.08,41.52
-124.08,41.62
-124.08,41.71
-124.08,41.81
-124.08,41.9
-124.08,42
-123.97,38.55
-123.97,38.64
-123.97,38.74
-123.97,38.83
-123.97,38.93
-123.97,39.03
-123.97,39.12
-123.97,39.22
-123.97,39.31
-123.97,39.41
-123.97,39.51
-123.97,39.6
-123.97,39.7
-123.97,39.79
-123.97,39.89
-123.97,39.98
-123.97,40.08
-123.97,40.18
-123.97,40.27
-123.97,40.37
-123.97,40.46
-123.97,40.56
-123.97,40.66
-123.97,40.75
-123.97,40.85
-123.97,40.94
-123.97,41.04
-123.97,41.14
-123.97,41.23
-123.97,41.33
-123.97,41.42
-123.97,41.52
-123.97,41.62
-123.97,41.71
-123.97,41.81
-123.97,41.9
-123.97,42
-123.86,38.45
-123.86,38.55
-123.86,38.64
-123.86,38.74
-123.86,38.83
-123.86,38.93
-123.86,39.03
-123.86,39.12
-123.86,39.22
-123.86,39.31
-123.86,39.41
-123.86,39.51
-123.86,39.6
-123.86,39.7
-123.86,39.79
-123.86,39.89
-123.86,39.98
-123.86,40.08
-123.86,40.18
-123.86,40.27
-123.86,40.37
-123.86,40.46
-123.86,40.56
-123.86,40.66
-123.86,40.75
-123.86,40.85
-123.86,40.94
-123.86,41.04
-123.86,41.14
-123.86,41.23
-123.86,41.33
-123.86,41.42
-123.86,41.52
-123.86,41.62
-123.86,41.71
-123.86,41.81
-123.86,41.9
-123.86,42
-123.76,38.26
-123.76,38.35
-123.76,38.45
-123.76,38.55
-123.76,38.64
-123.76,38.74
-123.76,38.83
-123.76,38.93
-123.76,39.03
-123.76,39.12
-123.76,39.22
-123.76,39.31
-123.76,39.41
-123.76,39.51
-123.76,39.6
-123.76,39.7
-123.76,39.79
-123.76,39.89
-123.76,40.08
-123.76,40.18
-123.76,40.27
-123.76,40.37
-123.76,40.46
-123.76,40.56
-123.76,40.66
-123.76,40.75
-123.76,40.85
-123.76,40.94
-123.76,41.14
-123.76,41.23
-123.76,41.33
-123.76,41.42
-123.76,41.52
-123.76,41.62
-123.76,41.71
-123.76,41.81
-123.76,41.9
-123.76,42
-123.65,38.16
-123.65,38.26
-123.65,38.35
-123.65,38.45
-123.65,38.55
-123.65,38.64
-123.65,38.74
-123.65,38.83
-123.65,38.93
-123.65,39.03
-123.65,39.12
-123.65,39.22
-123.65,39.31
-123.65,39.41
-123.65,39.51
-123.65,39.6
-123.65,39.7
-123.65,39.79
-123.65,39.89
-123.65,39.98
-123.65,40.08
-123.65,40.18
-123.65,40.27
-123.65,40.37
-123.65,40.46
-123.65,40.56
-123.65,40.66
-123.65,40.75
-123.65,40.85
-123.65,40.94
-123.65,41.04
-123.65,41.14
-123.65,41.23
-123.65,41.33
-123.65,41.42
-123.65,41.52
-123.65,41.62
-123.65,41.71
-123.65,41.81
-123.65,41.9
-123.65,42
-123.55,38.07
-123.55,38.16
-123.55,38.26
-123.55,38.35
-123.55,38.45
-123.55,38.55
-123.55,38.64
-123.55,38.74
-123.55,38.83
-123.55,38.93
-123.55,39.03
-123.55,39.12
-123.55,39.22
-123.55,39.31
-123.55,39.41
-123.55,39.51
-123.55,39.6
-123.55,39.7
-123.55,39.79
-123.55,39.89
-123.55,39.98
-123.55,40.08
-123.55,40.18
-123.55,40.37
-123.55,40.46
-123.55,40.56
-123.55,40.66
-123.55,40.75
-123.55,40.85
-123.55,40.94
-123.55,41.04
-123.55,41.14
-123.55,41.23
-123.55,41.33
-123.55,41.42
-123.55,41.52
-123.55,41.62
-123.55,41.71
-123.55,41.81
-123.55,41.9
-123.55,42
-123.44,37.97
-123.44,38.07
-123.44,38.26
-123.44,38.35
-123.44,38.45
-123.44,38.55
-123.44,38.64
-123.44,38.74
-123.44,38.83
-123.44,38.93
-123.44,39.03
-123.44,39.12
-123.44,39.22
-123.44,39.31
-123.44,39.41
-123.44,39.51
-123.44,39.6
-123.44,39.7
-123.44,39.79
-123.44,39.89
-123.44,39.98
-123.44,40.08
-123.44,40.18
-123.44,40.27
-123.44,40.37
-123.44,40.46
-123.44,40.56
-123.44,40.66
-123.44,40.75
-123.44,40.85
-123.44,40.94
-123.44,41.04
-123.44,41.14
-123.44,41.23
-123.44,41.33
-123.44,41.42
-123.44,41.52
-123.44,41.62
-123.44,41.71
-123.44,41.81
-123.44,41.9
-123.44,42
-123.33,37.87
-123.33,37.97
-123.33,38.07
-123.33,38.16
-123.33,38.26
-123.33,38.35
-123.33,38.45
-123.33,38.55
-123.33,38.64
-123.33,38.74
-123.33,38.83
-123.33,38.93
-123.33,39.03
-123.33,39.12
-123.33,39.22
-123.33,39.31
-123.33,39.41
-123.33,39.51
-123.33,39.6
-123.33,39.7
-123.33,39.79
-123.33,39.89
-123.33,39.98
-123.33,40.08
-123.33,40.18
-123.33,40.27
-123.33,40.37
-123.33,40.46
-123.33,40.56
-123.33,40.66
-123.33,40.85
-123.33,40.94
-123.33,41.04
-123.33,41.14
-123.33,41.23
-123.33,41.33
-123.33,41.42
-123.33,41.52
-123.33,41.62
-123.33,41.71
-123.33,41.81
-123.33,41.9
-123.33,42
-123.23,37.78
-123.23,37.87
-123.23,37.97
-123.23,38.07
-123.23,38.16
-123.23,38.26
-123.23,38.35
-123.23,38.45
-123.23,38.55
-123.23,38.64
-123.23,38.74
-123.23,38.83
-123.23,38.93
-123.23,39.03
-123.23,39.12
-123.23,39.22
-123.23,39.31
-123.23,39.41
-123.23,39.51
-123.23,39.6
-123.23,39.7
-123.23,39.79
-123.23,39.89
-123.23,39.98
-123.23,40.08
-123.23,40.18
-123.23,40.27
-123.23,40.37
-123.23,40.46
-123.23,40.56
-123.23,40.66
-123.23,40.75
-123.23,40.85
-123.23,40.94
-123.23,41.04
-123.23,41.14
-123.23,41.23
-123.23,41.33
-123.23,41.42
-123.23,41.52
-123.23,41.62
-123.23,41.71
-123.23,41.81
-123.23,42
-123.12,37.68
-123.12,37.78
-123.12,37.87
-123.12,37.97
-123.12,38.07
-123.12,38.16
-123.12,38.26
-123.12,38.35
-123.12,38.55
-123.12,38.64
-123.12,38.74
-123.12,38.83
-123.12,38.93
-123.12,39.03
-123.12,39.12
-123.12,39.22
-123.12,39.31
-123.12,39.41
-123.12,39.51
-123.12,39.6
-123.12,39.7
-123.12,39.89
-123.12,39.98
-123.12,40.08
-123.12,40.18
-123.12,40.27
-123.12,40.37
-123.12,40.46
-123.12,40.56
-123.12,40.66
-123.12,40.75
-123.12,40.85
-123.12,40.94
-123.12,41.04
-123.12,41.14
-123.12,41.23
-123.12,41.33
-123.12,41.42
-123.12,41.52
-123.12,41.62
-123.12,41.71
-123.12,41.81
-123.12,41.9
-123.12,42
-123.02,37.59
-123.02,37.68
-123.02,37.78
-123.02,37.87
-123.02,37.97
-123.02,38.07
-123.02,38.16
-123.02,38.26
-123.02,38.35
-123.02,38.45
-123.02,38.55
-123.02,38.64
-123.02,38.74
-123.02,38.83
-123.02,39.03
-123.02,39.12
-123.02,39.22
-123.02,39.41
-123.02,39.51
-123.02,39.6
-123.02,39.7
-123.02,39.79
-123.02,39.89
-123.02,39.98
-123.02,40.08
-123.02,40.18
-123.02,40.27
-123.02,40.37
-123.02,40.56
-123.02,40.66
-123.02,40.75
-123.02,40.85
-123.02,40.94
-123.02,41.04
-123.02,41.14
-123.02,41.23
-123.02,41.33
-123.02,41.52
-123.02,41.62
-123.02,41.71
-123.02,41.81
-123.02,42
-122.91,37.49
-122.91,37.59
-122.91,37.68
-122.91,37.78
-122.91,37.87
-122.91,37.97
-122.91,38.07
-122.91,38.16
-122.91,38.26
-122.91,38.35
-122.91,38.45
-122.91,38.55
-122.91,38.64
-122.91,38.74
-122.91,38.83
-122.91,38.93
-122.91,39.03
-122.91,39.12
-122.91,39.22
-122.91,39.31
-122.91,39.41
-122.91,39.51
-122.91,39.6
-122.91,39.7
-122.91,39.79
-122.91,39.89
-122.91,39.98
-122.91,40.08
-122.91,40.18
-122.91,40.27
-122.91,40.37
-122.91,40.46
-122.91,40.56
-122.91,40.66
-122.91,40.75
-122.91,40.85
-122.91,40.94
-122.91,41.04
-122.91,41.14
-122.91,41.23
-122.91,41.33
-122.91,41.42
-122.91,41.52
-122.91,41.62
-122.91,41.71
-122.91,41.81
-122.91,41.9
-122.91,42
-122.8,37.39
-122.8,37.49
-122.8,37.59
-122.8,37.68
-122.8,37.78
-122.8,37.87
-122.8,37.97
-122.8,38.07
-122.8,38.16
-122.8,38.26
-122.8,38.35
-122.8,38.45
-122.8,38.55
-122.8,38.64
-122.8,38.74
-122.8,38.83
-122.8,38.93
-122.8,39.03
-122.8,39.12
-122.8,39.22
-122.8,39.31
-122.8,39.41
-122.8,39.51
-122.8,39.6
-122.8,39.7
-122.8,39.79
-122.8,39.89
-122.8,39.98
-122.8,40.08
-122.8,40.18
-122.8,40.27
-122.8,40.37
-122.8,40.46
-122.8,40.56
-122.8,40.66
-122.8,40.75
-122.8,40.85
-122.8,40.94
-122.8,41.04
-122.8,41.14
-122.8,41.23
-122.8,41.33
-122.8,41.42
-122.8,41.52
-122.8,41.62
-122.8,41.71
-122.8,41.81
-122.8,41.9
-122.8,42
-122.7,37.2
-122.7,37.3
-122.7,37.39
-122.7,37.49
-122.7,37.59
-122.7,37.68
-122.7,37.78
-122.7,37.87
-122.7,37.97
-122.7,38.07
-122.7,38.16
-122.7,38.26
-122.7,38.35
-122.7,38.45
-122.7,38.55
-122.7,38.64
-122.7,38.74
-122.7,38.83
-122.7,38.93
-122.7,39.03
-122.7,39.12
-122.7,39.22
-122.7,39.31
-122.7,39.41
-122.7,39.51
-122.7,39.6
-122.7,39.7
-122.7,39.79
-122.7,39.89
-122.7,39.98
-122.7,40.08
-122.7,40.18
-122.7,40.27
-122.7,40.37
-122.7,40.46
-122.7,40.56
-122.7,40.66
-122.7,40.75
-122.7,40.85
-122.7,41.04
-122.7,41.14
-122.7,41.23
-122.7,41.33
-122.7,41.42
-122.7,41.52
-122.7,41.62
-122.7,41.71
-122.7,41.81
-122.7,41.9
-122.7,42
-122.59,37.11
-122.59,37.2
-122.59,37.3
-122.59,37.39
-122.59,37.49
-122.59,37.59
-122.59,37.68
-122.59,37.78
-122.59,37.87
-122.59,37.97
-122.59,38.07
-122.59,38.16
-122.59,38.26
-122.59,38.45
-122.59,38.55
-122.59,38.64
-122.59,38.74
-122.59,38.83
-122.59,38.93
-122.59,39.03
-122.59,39.12
-122.59,39.22
-122.59,39.31
-122.59,39.41
-122.59,39.51
-122.59,39.6
-122.59,39.7
-122.59,39.79
-122.59,39.89
-122.59,39.98
-122.59,40.18
-122.59,40.27
-122.59,40.37
-122.59,40.46
-122.59,40.56
-122.59,40.66
-122.59,40.75
-122.59,40.85
-122.59,40.94
-122.59,41.04
-122.59,41.14
-122.59,41.23
-122.59,41.33
-122.59,41.42
-122.59,41.52
-122.59,41.62
-122.59,41.71
-122.59,41.81
-122.59,41.9
-122.59,42
-122.48,37.01
-122.48,37.11
-122.48,37.2
-122.48,37.3
-122.48,37.39
-122.48,37.49
-122.48,37.59
-122.48,37.68
-122.48,37.78
-122.48,37.87
-122.48,37.97
-122.48,38.07
-122.48,38.16
-122.48,38.26
-122.48,38.35
-122.48,38.45
-122.48,38.55
-122.48,38.64
-122.48,38.74
-122.48,38.83
-122.48,38.93
-122.48,39.03
-122.48,39.12
-122.48,39.22
-122.48,39.31
-122.48,39.41
-122.48,39.51
-122.48,39.6
-122.48,39.7
-122.48,39.79
-122.48,39.89
-122.48,39.98
-122.48,40.08
-122.48,40.18
-122.48,40.27
-122.48,40.37
-122.48,40.46
-122.48,40.56
-122.48,40.66
-122.48,40.75
-122.48,40.85
-122.48,40.94
-122.48,41.04
-122.48,41.14
-122.48,41.23
-122.48,41.33
-122.48,41.42
-122.48,41.52
-122.48,41.62
-122.48,41.71
-122.48,41.81
-122.48,41.9
-122.48,42
-122.38,36.91
-122.38,37.01
-122.38,37.11
-122.38,37.2
-122.38,37.3
-122.38,37.39
-122.38,37.49
-122.38,37.59
-122.38,37.68
-122.38,37.78
-122.38,37.87
-122.38,37.97
-122.38,38.07
-122.38,38.16
-122.38,38.26
-122.38,38.35
-122.38,38.45
-122.38,38.55
-122.38,38.64
-122.38,38.74
-122.38,38.83
-122.38,38.93
-122.38,39.12
-122.38,39.22
-122.38,39.31
-122.38,39.41
-122.38,39.51
-122.38,39.6
-122.38,39.7
-122.38,39.79
-122.38,39.89
-122.38,39.98
-122.38,40.08
-122.38,40.18
-122.38,40.27
-122.38,40.37
-122.38,40.46
-122.38,40.56
-122.38,40.66
-122.38,40.75
-122.38,40.85
-122.38,40.94
-122.38,41.04
-122.38,41.14
-122.38,41.23
-122.38,41.33
-122.38,41.42
-122.38,41.52
-122.38,41.62
-122.38,41.71
-122.38,41.81
-122.38,41.9
-122.27,36.82
-122.27,36.91
-122.27,37.01
-122.27,37.11
-122.27,37.2
-122.27,37.3
-122.27,37.39
-122.27,37.49
-122.27,37.59
-122.27,37.68
-122.27,37.78
-122.27,37.87
-122.27,37.97
-122.27,38.07
-122.27,38.16
-122.27,38.26
-122.27,38.35
-122.27,38.45
-122.27,38.55
-122.27,38.64
-122.27,38.74
-122.27,38.83
-122.27,38.93
-122.27,39.03
-122.27,39.12
-122.27,39.22
-122.27,39.31
-122.27,39.41
-122.27,39.51
-122.27,39.6
-122.27,39.7
-122.27,39.79
-122.27,39.98
-122.27,40.08
-122.27,40.18
-122.27,40.27
-122.27,40.37
-122.27,40.46
-122.27,40.56
-122.27,40.66
-122.27,40.75
-122.27,40.85
-122.27,40.94
-122.27,41.04
-122.27,41.14
-122.27,41.23
-122.27,41.33
-122.27,41.42
-122.27,41.52
-122.27,41.62
-122.27,41.71
-122.27,41.81
-122.27,41.9
-122.27,42
-122.17,36.72
-122.17,36.82
-122.17,36.91
-122.17,37.01
-122.17,37.11
-122.17,37.2
-122.17,37.3
-122.17,37.39
-122.17,37.49
-122.17,37.59
-122.17,37.68
-122.17,37.78
-122.17,37.87
-122.17,37.97
-122.17,38.07
-122.17,38.16
-122.17,38.26
-122.17,38.35
-122.17,38.45
-122.17,38.55
-122.17,38.64
-122.17,38.74
-122.17,38.83
-122.17,38.93
-122.17,39.03
-122.17,39.12
-122.17,39.22
-122.17,39.31
-122.17,39.41
-122.17,39.51
-122.17,39.6
-122.17,39.7
-122.17,39.89
-122.17,39.98
-122.17,40.08
-122.17,40.18
-122.17,40.27
-122.17,40.37
-122.17,40.46
-122.17,40.56
-122.17,40.66
-122.17,40.75
-122.17,40.85
-122.17,40.94
-122.17,41.04
-122.17,41.14
-122.17,41.23
-122.17,41.33
-122.17,41.42
-122.17,41.52
-122.17,41.62
-122.17,41.81
-122.17,41.9
-122.17,42
-122.06,36.72
-122.06,36.82
-122.06,36.91
-122.06,37.01
-122.06,37.11
-122.06,37.2
-122.06,37.3
-122.06,37.39
-122.06,37.49
-122.06,37.59
-122.06,37.68
-122.06,37.78
-122.06,37.87
-122.06,37.97
-122.06,38.07
-122.06,38.16
-122.06,38.26
-122.06,38.35
-122.06,38.45
-122.06,38.55
-122.06,38.64
-122.06,38.74
-122.06,38.83
-122.06,38.93
-122.06,39.03
-122.06,39.12
-122.06,39.22
-122.06,39.31
-122.06,39.41
-122.06,39.51
-122.06,39.6
-122.06,39.7
-122.06,39.79
-122.06,39.89
-122.06,39.98
-122.06,40.08
-122.06,40.18
-122.06,40.27
-122.06,40.37
-122.06,40.46
-122.06,40.56
-122.06,40.66
-122.06,40.75
-122.06,40.85
-122.06,40.94
-122.06,41.14
-122.06,41.23
-122.06,41.33
-122.06,41.42
-122.06,41.52
-122.06,41.62
-122.06,41.71
-122.06,41.81
-122.06,41.9
-122.06,42
-121.95,36.53
-121.95,36.63
-121.95,36.72
-121.95,36.82
-121.95,36.91
-121.95,37.01
-121.95,37.11
-121.95,37.2
-121.95,37.3
-121.95,37.39
-121.95,37.49
-121.95,37.59
-121.95,37.68
-121.95,37.78
-121.95,37.87
-121.95,37.97
-121.95,38.07
-121.95,38.16
-121.95,38.26
-121.95,38.35
-121.95,38.45
-121.95,38.55
-121.95,38.64
-121.95,38.74
-121.95,38.83
-121.95,38.93
-121.95,39.03
-121.95,39.12
-121.95,39.22
-121.95,39.41
-121.95,39.51
-121.95,39.6
-121.95,39.7
-121.95,39.79
-121.95,39.89
-121.95,39.98
-121.95,40.08
-121.95,40.18
-121.95,40.27
-121.95,40.37
-121.95,40.46
-121.95,40.56
-121.95,40.66
-121.95,40.75
-121.95,40.85
-121.95,40.94
-121.95,41.04
-121.95,41.14
-121.95,41.23
-121.95,41.33
-121.95,41.52
-121.95,41.62
-121.95,41.71
-121.95,41.81
-121.95,41.9
-121.95,42
-121.85,36.43
-121.85,36.53
-121.85,36.63
-121.85,36.72
-121.85,36.82
-121.85,36.91
-121.85,37.01
-121.85,37.11
-121.85,37.2
-121.85,37.3
-121.85,37.39
-121.85,37.49
-121.85,37.59
-121.85,37.68
-121.85,37.78
-121.85,37.87
-121.85,37.97
-121.85,38.07
-121.85,38.16
-121.85,38.26
-121.85,38.35
-121.85,38.45
-121.85,38.55
-121.85,38.64
-121.85,38.74
-121.85,38.83
-121.85,38.93
-121.85,39.03
-121.85,39.12
-121.85,39.22
-121.85,39.31
-121.85,39.41
-121.85,39.51
-121.85,39.6
-121.85,39.7
-121.85,39.79
-121.85,39.89
-121.85,39.98
-121.85,40.08
-121.85,40.18
-121.85,40.37
-121.85,40.46
-121.85,40.56
-121.85,40.66
-121.85,40.75
-121.85,40.85
-121.85,40.94
-121.85,41.04
-121.85,41.14
-121.85,41.23
-121.85,41.33
-121.85,41.42
-121.85,41.52
-121.85,41.62
-121.85,41.71
-121.85,41.81
-121.85,41.9
-121.85,42
-121.74,36.34
-121.74,36.43
-121.74,36.53
-121.74,36.63
-121.74,36.72
-121.74,36.82
-121.74,36.91
-121.74,37.01
-121.74,37.11
-121.74,37.2
-121.74,37.3
-121.74,37.39
-121.74,37.49
-121.74,37.59
-121.74,37.68
-121.74,37.78
-121.74,37.87
-121.74,37.97
-121.74,38.07
-121.74,38.16
-121.74,38.26
-121.74,38.35
-121.74,38.45
-121.74,38.55
-121.74,38.64
-121.74,38.74
-121.74,38.83
-121.74,38.93
-121.74,39.03
-121.74,39.12
-121.74,39.22
-121.74,39.31
-121.74,39.41
-121.74,39.51
-121.74,39.6
-121.74,39.7
-121.74,39.79
-121.74,39.89
-121.74,39.98
-121.74,40.08
-121.74,40.27
-121.74,40.37
-121.74,40.46
-121.74,40.56
-121.74,40.66
-121.74,40.75
-121.74,40.85
-121.74,40.94
-121.74,41.04
-121.74,41.14
-121.74,41.23
-121.74,41.33
-121.74,41.42
-121.74,41.52
-121.74,41.62
-121.74,41.71
-121.74,41.81
-121.74,41.9
-121.74,42
-121.64,36.15
-121.64,36.24
-121.64,36.34
-121.64,36.43
-121.64,36.53
-121.64,36.63
-121.64,36.72
-121.64,36.82
-121.64,36.91
-121.64,37.01
-121.64,37.11
-121.64,37.2
-121.64,37.3
-121.64,37.39
-121.64,37.49
-121.64,37.59
-121.64,37.68
-121.64,37.78
-121.64,37.87
-121.64,37.97
-121.64,38.07
-121.64,38.16
-121.64,38.26
-121.64,38.35
-121.64,38.45
-121.64,38.55
-121.64,38.64
-121.64,38.74
-121.64,38.83
-121.64,38.93
-121.64,39.03
-121.64,39.12
-121.64,39.22
-121.64,39.31
-121.64,39.41
-121.64,39.51
-121.64,39.6
-121.64,39.7
-121.64,39.89
-121.64,39.98
-121.64,40.08
-121.64,40.18
-121.64,40.27
-121.64,40.37
-121.64,40.46
-121.64,40.56
-121.64,40.66
-121.64,40.75
-121.64,40.85
-121.64,40.94
-121.64,41.04
-121.64,41.14
-121.64,41.23
-121.64,41.33
-121.64,41.42
-121.64,41.52
-121.64,41.62
-121.64,41.71
-121.64,41.81
-121.64,41.9
-121.64,42
-121.53,36.05
-121.53,36.15
-121.53,36.24
-121.53,36.34
-121.53,36.43
-121.53,36.53
-121.53,36.63
-121.53,36.72
-121.53,36.82
-121.53,36.91
-121.53,37.01
-121.53,37.11
-121.53,37.2
-121.53,37.3
-121.53,37.39
-121.53,37.49
-121.53,37.59
-121.53,37.68
-121.53,37.78
-121.53,37.87
-121.53,37.97
-121.53,38.07
-121.53,38.16
-121.53,38.26
-121.53,38.35
-121.53,38.45
-121.53,38.55
-121.53,38.64
-121.53,38.74
-121.53,38.83
-121.53,38.93
-121.53,39.03
-121.53,39.12
-121.53,39.22
-121.53,39.31
-121.53,39.41
-121.53,39.51
-121.53,39.6
-121.53,39.7
-121.53,39.79
-121.53,39.89
-121.53,40.08
-121.53,40.18
-121.53,40.27
-121.53,40.37
-121.53,40.46
-121.53,40.56
-121.53,40.66
-121.53,40.75
-121.53,40.85
-121.53,40.94
-121.53,41.04
-121.53,41.14
-121.53,41.23
-121.53,41.33
-121.53,41.42
-121.53,41.52
-121.53,41.62
-121.53,41.71
-121.53,41.81
-121.53,41.9
-121.53,42
-121.42,35.95
-121.42,36.05
-121.42,36.15
-121.42,36.24
-121.42,36.34
-121.42,36.43
-121.42,36.53
-121.42,36.63
-121.42,36.72
-121.42,36.82
-121.42,36.91
-121.42,37.01
-121.42,37.11
-121.42,37.2
-121.42,37.3
-121.42,37.39
-121.42,37.49
-121.42,37.59
-121.42,37.68
-121.42,37.78
-121.42,37.87
-121.42,37.97
-121.42,38.07
-121.42,38.16
-121.42,38.26
-121.42,38.35
-121.42,38.45
-121.42,38.55
-121.42,38.64
-121.42,38.74
-121.42,38.83
-121.42,38.93
-121.42,39.03
-121.42,39.12
-121.42,39.22
-121.42,39.31
-121.42,39.41
-121.42,39.51
-121.42,39.6
-121.42,39.7
-121.42,39.79
-121.42,39.89
-121.42,39.98
-121.42,40.08
-121.42,40.18
-121.42,40.27
-121.42,40.37
-121.42,40.46
-121.42,40.56
-121.42,40.66
-121.42,40.75
-121.42,40.85
-121.42,40.94
-121.42,41.04
-121.42,41.14
-121.42,41.23
-121.42,41.33
-121.42,41.42
-121.42,41.52
-121.42,41.62
-121.42,41.71
-121.42,41.81
-121.42,41.9
-121.32,35.86
-121.32,35.95
-121.32,36.05
-121.32,36.15
-121.32,36.24
-121.32,36.34
-121.32,36.43
-121.32,36.53
-121.32,36.63
-121.32,36.72
-121.32,36.82
-121.32,36.91
-121.32,37.01
-121.32,37.11
-121.32,37.2
-121.32,37.3
-121.32,37.39
-121.32,37.49
-121.32,37.59
-121.32,37.68
-121.32,37.78
-121.32,37.87
-121.32,37.97
-121.32,38.07
-121.32,38.16
-121.32,38.26
-121.32,38.35
-121.32,38.45
-121.32,38.55
-121.32,38.64
-121.32,38.74
-121.32,38.83
-121.32,38.93
-121.32,39.03
-121.32,39.12
-121.32,39.22
-121.32,39.31
-121.32,39.41
-121.32,39.51
-121.32,39.6
-121.32,39.7
-121.32,39.79
-121.32,39.89
-121.32,39.98
-121.32,40.08
-121.32,40.18
-121.32,40.27
-121.32,40.37
-121.32,40.46
-121.32,40.56
-121.32,40.66
-121.32,40.75
-121.32,40.85
-121.32,40.94
-121.32,41.04
-121.32,41.14
-121.32,41.23
-121.32,41.33
-121.32,41.42
-121.32,41.52
-121.32,41.62
-121.32,41.71
-121.32,41.81
-121.21,35.76
-121.21,35.86
-121.21,35.95
-121.21,36.05
-121.21,36.15
-121.21,36.24
-121.21,36.43
-121.21,36.53
-121.21,36.63
-121.21,36.72
-121.21,36.82
-121.21,36.91
-121.21,37.01
-121.21,37.11
-121.21,37.2
-121.21,37.3
-121.21,37.39
-121.21,37.49
-121.21,37.59
-121.21,37.68
-121.21,37.78
-121.21,37.87
-121.21,37.97
-121.21,38.07
-121.21,38.16
-121.21,38.26
-121.21,38.35
-121.21,38.45
-121.21,38.55
-121.21,38.64
-121.21,38.74
-121.21,38.83
-121.21,38.93
-121.21,39.12
-121.21,39.22
-121.21,39.31
-121.21,39.41
-121.21,39.51
-121.21,39.6
-121.21,39.7
-121.21,39.79
-121.21,39.89
-121.21,40.08
-121.21,40.18
-121.21,40.27
-121.21,40.37
-121.21,40.46
-121.21,40.66
-121.21,40.75
-121.21,40.85
-121.21,40.94
-121.21,41.04
-121.21,41.14
-121.21,41.23
-121.21,41.33
-121.21,41.52
-121.21,41.62
-121.21,41.71
-121.11,35.67
-121.11,35.76
-121.11,35.86
-121.11,35.95
-121.11,36.05
-121.11,36.15
-121.11,36.24
-121.11,36.34
-121.11,36.43
-121.11,36.53
-121.11,36.63
-121.11,36.72
-121.11,36.82
-121.11,36.91
-121.11,37.01
-121.11,37.11
-121.11,37.2
-121.11,37.3
-121.11,37.39
-121.11,37.49
-121.11,37.68
-121.11,37.78
-121.11,37.87
-121.11,37.97
-121.11,38.07
-121.11,38.16
-121.11,38.26
-121.11,38.35
-121.11,38.45
-121.11,38.55
-121.11,38.64
-121.11,38.74
-121.11,38.93
-121.11,39.03
-121.11,39.12
-121.11,39.22
-121.11,39.31
-121.11,39.41
-121.11,39.51
-121.11,39.6
-121.11,39.7
-121.11,39.79
-121.11,39.89
-121.11,39.98
-121.11,40.08
-121.11,40.18
-121.11,40.27
-121.11,40.37
-121.11,40.46
-121.11,40.56
-121.11,40.66
-121.11,40.75
-121.11,40.85
-121.11,40.94
-121.11,41.04
-121.11,41.14
-121.11,41.23
-121.11,41.33
-121.11,41.42
-121.11,41.52
-121,35.57
-121,35.67
-121,35.76
-121,35.86
-121,35.95
-121,36.05
-121,36.15
-121,36.24
-121,36.34
-121,36.43
-121,36.53
-121,36.63
-121,36.72
-121,36.82
-121,36.91
-121,37.01
-121,37.11
-121,37.2
-121,37.3
-121,37.39
-121,37.49
-121,37.59
-121,37.68
-121,37.78
-121,37.87
-121,37.97
-121,38.07
-121,38.16
-121,38.26
-121,38.35
-121,38.45
-121,38.55
-121,38.64
-121,38.74
-121,38.83
-121,38.93
-121,39.03
-121,39.12
-121,39.22
-121,39.31
-121,39.41
-121,39.51
-121,39.6
-121,39.7
-121,39.79
-121,39.89
-121,39.98
-121,40.08
-121,40.18
-121,40.27
-121,40.37
-121,40.46
-121,40.56
-121,40.66
-121,40.75
-121,40.94
-121,41.04
-121,41.14
-121,41.23
-121,41.33
-121,41.42
-120.89,35.47
-120.89,35.67
-120.89,35.86
-120.89,35.95
-120.89,36.05
-120.89,36.15
-120.89,36.24
-120.89,36.34
-120.89,36.43
-120.89,36.53
-120.89,36.63
-120.89,36.72
-120.89,36.82
-120.89,36.91
-120.89,37.01
-120.89,37.11
-120.89,37.3
-120.89,37.39
-120.89,37.49
-120.89,37.59
-120.89,37.68
-120.89,37.78
-120.89,37.87
-120.89,37.97
-120.89,38.07
-120.89,38.16
-120.89,38.26
-120.89,38.35
-120.89,38.45
-120.89,38.55
-120.89,38.64
-120.89,38.74
-120.89,38.83
-120.89,38.93
-120.89,39.03
-120.89,39.12
-120.89,39.22
-120.89,39.31
-120.89,39.41
-120.89,39.6
-120.89,39.7
-120.89,39.79
-120.89,39.89
-120.89,39.98
-120.89,40.08
-120.89,40.18
-120.89,40.27
-120.89,40.37
-120.89,40.46
-120.89,40.56
-120.89,40.66
-120.89,40.75
-120.89,40.85
-120.89,40.94
-120.89,41.04
-120.89,41.14
-120.89,41.23
-120.89,41.33
-120.79,35.38
-120.79,35.47
-120.79,35.57
-120.79,35.67
-120.79,35.76
-120.79,35.86
-120.79,35.95
-120.79,36.05
-120.79,36.15
-120.79,36.24
-120.79,36.34
-120.79,36.43
-120.79,36.53
-120.79,36.63
-120.79,36.72
-120.79,36.82
-120.79,36.91
-120.79,37.01
-120.79,37.11
-120.79,37.2
-120.79,37.3
-120.79,37.39
-120.79,37.49
-120.79,37.59
-120.79,37.68
-120.79,37.78
-120.79,37.87
-120.79,37.97
-120.79,38.07
-120.79,38.16
-120.79,38.26
-120.79,38.35
-120.79,38.45
-120.79,38.55
-120.79,38.64
-120.79,38.74
-120.79,38.83
-120.79,38.93
-120.79,39.03
-120.79,39.12
-120.79,39.22
-120.79,39.31
-120.79,39.41
-120.79,39.51
-120.79,39.6
-120.79,39.7
-120.79,39.79
-120.79,39.89
-120.79,39.98
-120.79,40.08
-120.79,40.18
-120.79,40.27
-120.79,40.37
-120.79,40.46
-120.79,40.56
-120.79,40.66
-120.79,40.75
-120.79,40.85
-120.79,40.94
-120.79,41.04
-120.79,41.14
-120.79,41.23
-120.68,35.28
-120.68,35.38
-120.68,35.47
-120.68,35.57
-120.68,35.67
-120.68,35.76
-120.68,35.86
-120.68,35.95
-120.68,36.05
-120.68,36.15
-120.68,36.24
-120.68,36.34
-120.68,36.43
-120.68,36.53
-120.68,36.63
-120.68,36.72
-120.68,36.82
-120.68,36.91
-120.68,37.01
-120.68,37.11
-120.68,37.2
-120.68,37.3
-120.68,37.39
-120.68,37.49
-120.68,37.59
-120.68,37.68
-120.68,37.78
-120.68,37.87
-120.68,37.97
-120.68,38.07
-120.68,38.16
-120.68,38.26
-120.68,38.35
-120.68,38.45
-120.68,38.55
-120.68,38.64
-120.68,38.74
-120.68,38.83
-120.68,38.93
-120.68,39.03
-120.68,39.12
-120.68,39.22
-120.68,39.31
-120.68,39.41
-120.68,39.51
-120.68,39.6
-120.68,39.7
-120.68,39.79
-120.68,39.89
-120.68,39.98
-120.68,40.08
-120.68,40.18
-120.68,40.27
-120.68,40.37
-120.68,40.46
-120.68,40.56
-120.68,40.66
-120.68,40.75
-120.68,40.85
-120.68,41.04
-120.68,41.14
-120.58,35.09
-120.58,35.19
-120.58,35.28
-120.58,35.38
-120.58,35.47
-120.58,35.57
-120.58,35.76
-120.58,35.86
-120.58,35.95
-120.58,36.05
-120.58,36.15
-120.58,36.24
-120.58,36.34
-120.58,36.43
-120.58,36.53
-120.58,36.63
-120.58,36.72
-120.58,36.82
-120.58,36.91
-120.58,37.01
-120.58,37.11
-120.58,37.2
-120.58,37.3
-120.58,37.39
-120.58,37.49
-120.58,37.59
-120.58,37.68
-120.58,37.78
-120.58,37.87
-120.58,37.97
-120.58,38.07
-120.58,38.16
-120.58,38.26
-120.58,38.35
-120.58,38.45
-120.58,38.55
-120.58,38.64
-120.58,38.74
-120.58,38.93
-120.58,39.03
-120.58,39.12
-120.58,39.22
-120.58,39.31
-120.58,39.41
-120.58,39.51
-120.58,39.6
-120.58,39.7
-120.58,39.79
-120.58,39.89
-120.58,39.98
-120.58,40.08
-120.58,40.18
-120.58,40.27
-120.58,40.37
-120.58,40.46
-120.58,40.56
-120.58,40.66
-120.58,40.75
-120.58,40.85
-120.58,40.94
-120.58,41.04
-120.47,34.99
-120.47,35.09
-120.47,35.19
-120.47,35.28
-120.47,35.38
-120.47,35.47
-120.47,35.57
-120.47,35.67
-120.47,35.76
-120.47,35.86
-120.47,35.95
-120.47,36.05
-120.47,36.15
-120.47,36.24
-120.47,36.43
-120.47,36.53
-120.47,36.63
-120.47,36.72
-120.47,36.82
-120.47,36.91
-120.47,37.01
-120.47,37.11
-120.47,37.2
-120.47,37.3
-120.47,37.39
-120.47,37.49
-120.47,37.59
-120.47,37.68
-120.47,37.78
-120.47,37.87
-120.47,37.97
-120.47,38.07
-120.47,38.16
-120.47,38.26
-120.47,38.45
-120.47,38.55
-120.47,38.64
-120.47,38.74
-120.47,38.83
-120.47,38.93
-120.47,39.03
-120.47,39.12
-120.47,39.22
-120.47,39.31
-120.47,39.41
-120.47,39.51
-120.47,39.6
-120.47,39.7
-120.47,39.79
-120.47,39.89
-120.47,39.98
-120.47,40.08
-120.47,40.18
-120.47,40.27
-120.47,40.37
-120.47,40.46
-120.47,40.56
-120.47,40.66
-120.47,40.75
-120.47,40.85
-120.47,40.94
-120.36,34.9
-120.36,34.99
-120.36,35.09
-120.36,35.19
-120.36,35.28
-120.36,35.38
-120.36,35.47
-120.36,35.57
-120.36,35.67
-120.36,35.76
-120.36,35.86
-120.36,35.95
-120.36,36.05
-120.36,36.15
-120.36,36.24
-120.36,36.34
-120.36,36.53
-120.36,36.63
-120.36,36.72
-120.36,36.82
-120.36,36.91
-120.36,37.01
-120.36,37.11
-120.36,37.2
-120.36,37.3
-120.36,37.39
-120.36,37.49
-120.36,37.68
-120.36,37.78
-120.36,37.87
-120.36,37.97
-120.36,38.07
-120.36,38.16
-120.36,38.26
-120.36,38.35
-120.36,38.45
-120.36,38.55
-120.36,38.64
-120.36,38.74
-120.36,38.83
-120.36,38.93
-120.36,39.03
-120.36,39.12
-120.36,39.22
-120.36,39.31
-120.36,39.41
-120.36,39.51
-120.36,39.6
-120.36,39.7
-120.36,39.79
-120.36,39.89
-120.36,39.98
-120.36,40.08
-120.36,40.18
-120.36,40.27
-120.36,40.37
-120.36,40.46
-120.36,40.56
-120.36,40.66
-120.36,40.75
-120.36,40.85
-120.26,34.8
-120.26,34.9
-120.26,34.99
-120.26,35.09
-120.26,35.19
-120.26,35.28
-120.26,35.38
-120.26,35.47
-120.26,35.57
-120.26,35.67
-120.26,35.76
-120.26,35.86
-120.26,35.95
-120.26,36.05
-120.26,36.15
-120.26,36.24
-120.26,36.43
-120.26,36.53
-120.26,36.63
-120.26,36.72
-120.26,36.82
-120.26,36.91
-120.26,37.01
-120.26,37.11
-120.26,37.2
-120.26,37.3
-120.26,37.39
-120.26,37.49
-120.26,37.59
-120.26,37.68
-120.26,37.78
-120.26,37.87
-120.26,37.97
-120.26,38.07
-120.26,38.16
-120.26,38.26
-120.26,38.35
-120.26,38.55
-120.26,38.64
-120.26,38.74
-120.26,38.83
-120.26,38.93
-120.26,39.03
-120.26,39.12
-120.26,39.22
-120.26,39.31
-120.26,39.41
-120.26,39.51
-120.26,39.6
-120.26,39.7
-120.26,39.79
-120.26,39.89
-120.26,39.98
-120.26,40.08
-120.26,40.18
-120.26,40.27
-120.26,40.37
-120.26,40.46
-120.26,40.56
-120.26,40.66
-120.26,40.75
-120.15,34.71
-120.15,34.8
-120.15,34.9
-120.15,34.99
-120.15,35.09
-120.15,35.28
-120.15,35.38
-120.15,35.47
-120.15,35.57
-120.15,35.67
-120.15,35.76
-120.15,35.86
-120.15,35.95
-120.15,36.05
-120.15,36.15
-120.15,36.24
-120.15,36.34
-120.15,36.43
-120.15,36.53
-120.15,36.63
-120.15,36.72
-120.15,36.82
-120.15,36.91
-120.15,37.01
-120.15,37.11
-120.15,37.2
-120.15,37.3
-120.15,37.39
-120.15,37.49
-120.15,37.59
-120.15,37.68
-120.15,37.78
-120.15,37.87
-120.15,37.97
-120.15,38.07
-120.15,38.16
-120.15,38.26
-120.15,38.35
-120.15,38.45
-120.15,38.55
-120.15,38.64
-120.15,38.74
-120.15,38.83
-120.15,38.93
-120.15,39.03
-120.15,39.12
-120.15,39.22
-120.15,39.31
-120.15,39.41
-120.15,39.51
-120.15,39.6
-120.15,39.7
-120.15,39.79
-120.15,39.89
-120.15,39.98
-120.15,40.08
-120.15,40.18
-120.15,40.27
-120.15,40.37
-120.15,40.46
-120.15,40.56
-120.05,34.61
-120.05,34.71
-120.05,34.8
-120.05,34.9
-120.05,34.99
-120.05,35.09
-120.05,35.19
-120.05,35.28
-120.05,35.38
-120.05,35.47
-120.05,35.57
-120.05,35.67
-120.05,35.76
-120.05,35.86
-120.05,35.95
-120.05,36.05
-120.05,36.15
-120.05,36.24
-120.05,36.34
-120.05,36.43
-120.05,36.53
-120.05,36.63
-120.05,36.72
-120.05,36.82
-120.05,36.91
-120.05,37.01
-120.05,37.11
-120.05,37.2
-120.05,37.3
-120.05,37.39
-120.05,37.49
-120.05,37.59
-120.05,37.68
-120.05,37.78
-120.05,37.87
-120.05,37.97
-120.05,38.07
-120.05,38.16
-120.05,38.26
-120.05,38.35
-120.05,38.45
-120.05,38.55
-120.05,38.64
-120.05,38.74
-120.05,38.83
-120.05,38.93
-120.05,39.03
-120.05,39.12
-120.05,39.22
-120.05,39.31
-120.05,39.41
-120.05,39.51
-120.05,39.6
-120.05,39.7
-120.05,39.79
-120.05,39.89
-120.05,39.98
-120.05,40.08
-120.05,40.18
-120.05,40.27
-120.05,40.37
-120.05,40.46
-119.94,34.52
-119.94,34.61
-119.94,34.71
-119.94,34.8
-119.94,34.99
-119.94,35.09
-119.94,35.19
-119.94,35.28
-119.94,35.38
-119.94,35.47
-119.94,35.57
-119.94,35.67
-119.94,35.76
-119.94,35.86
-119.94,35.95
-119.94,36.05
-119.94,36.15
-119.94,36.24
-119.94,36.34
-119.94,36.43
-119.94,36.53
-119.94,36.63
-119.94,36.72
-119.94,36.82
-119.94,36.91
-119.94,37.01
-119.94,37.11
-119.94,37.2
-119.94,37.3
-119.94,37.39
-119.94,37.49
-119.94,37.68
-119.94,37.78
-119.94,37.87
-119.94,37.97
-119.94,38.07
-119.94,38.16
-119.94,38.26
-119.94,38.35
-119.94,38.45
-119.94,38.55
-119.94,38.64
-119.94,38.74
-119.94,38.83
-119.94,38.93
-119.94,39.03
-119.94,39.12
-119.94,39.22
-119.94,39.41
-119.94,39.51
-119.94,39.6
-119.94,39.7
-119.94,39.79
-119.94,39.89
-119.94,39.98
-119.94,40.08
-119.94,40.18
-119.94,40.27
-119.94,40.37
-119.83,34.42
-119.83,34.52
-119.83,34.61
-119.83,34.71
-119.83,34.8
-119.83,34.9
-119.83,34.99
-119.83,35.09
-119.83,35.19
-119.83,35.28
-119.83,35.38
-119.83,35.47
-119.83,35.57
-119.83,35.67
-119.83,35.76
-119.83,35.86
-119.83,35.95
-119.83,36.05
-119.83,36.15
-119.83,36.24
-119.83,36.34
-119.83,36.43
-119.83,36.53
-119.83,36.63
-119.83,36.72
-119.83,36.82
-119.83,36.91
-119.83,37.01
-119.83,37.2
-119.83,37.3
-119.83,37.39
-119.83,37.49
-119.83,37.59
-119.83,37.68
-119.83,37.78
-119.83,37.87
-119.83,37.97
-119.83,38.07
-119.83,38.16
-119.83,38.26
-119.83,38.35
-119.83,38.45
-119.83,38.55
-119.83,38.64
-119.83,38.74
-119.83,38.83
-119.83,38.93
-119.83,39.12
-119.83,39.22
-119.83,39.31
-119.83,39.41
-119.83,39.51
-119.83,39.6
-119.83,39.7
-119.83,39.79
-119.83,39.89
-119.83,39.98
-119.83,40.08
-119.83,40.18
-119.83,40.27
-119.73,34.32
-119.73,34.42
-119.73,34.52
-119.73,34.61
-119.73,34.71
-119.73,34.8
-119.73,34.9
-119.73,34.99
-119.73,35.09
-119.73,35.19
-119.73,35.28
-119.73,35.38
-119.73,35.47
-119.73,35.57
-119.73,35.67
-119.73,35.76
-119.73,35.86
-119.73,35.95
-119.73,36.05
-119.73,36.15
-119.73,36.24
-119.73,36.34
-119.73,36.43
-119.73,36.53
-119.73,36.72
-119.73,36.82
-119.73,36.91
-119.73,37.01
-119.73,37.11
-119.73,37.2
-119.73,37.3
-119.73,37.39
-119.73,37.49
-119.73,37.59
-119.73,37.68
-119.73,37.78
-119.73,37.87
-119.73,37.97
-119.73,38.07
-119.73,38.16
-119.73,38.26
-119.73,38.35
-119.73,38.45
-119.73,38.55
-119.73,38.64
-119.73,38.74
-119.73,38.83
-119.73,38.93
-119.73,39.03
-119.73,39.12
-119.73,39.22
-119.73,39.31
-119.73,39.41
-119.73,39.51
-119.73,39.6
-119.73,39.7
-119.73,39.79
-119.73,39.89
-119.73,39.98
-119.73,40.08
-119.73,40.18
-119.62,34.13
-119.62,34.23
-119.62,34.32
-119.62,34.42
-119.62,34.52
-119.62,34.61
-119.62,34.71
-119.62,34.8
-119.62,34.9
-119.62,34.99
-119.62,35.09
-119.62,35.19
-119.62,35.28
-119.62,35.38
-119.62,35.47
-119.62,35.57
-119.62,35.67
-119.62,35.76
-119.62,35.86
-119.62,35.95
-119.62,36.05
-119.62,36.15
-119.62,36.24
-119.62,36.34
-119.62,36.43
-119.62,36.53
-119.62,36.63
-119.62,36.72
-119.62,36.82
-119.62,36.91
-119.62,37.01
-119.62,37.11
-119.62,37.2
-119.62,37.3
-119.62,37.39
-119.62,37.49
-119.62,37.59
-119.62,37.68
-119.62,37.78
-119.62,37.87
-119.62,37.97
-119.62,38.07
-119.62,38.16
-119.62,38.26
-119.62,38.35
-119.62,38.45
-119.62,38.55
-119.62,38.64
-119.62,38.74
-119.62,38.83
-119.62,38.93
-119.62,39.03
-119.62,39.12
-119.62,39.22
-119.62,39.31
-119.62,39.41
-119.62,39.51
-119.62,39.6
-119.62,39.7
-119.62,39.79
-119.62,39.89
-119.62,39.98
-119.62,40.08
-119.52,34.04
-119.52,34.13
-119.52,34.23
-119.52,34.32
-119.52,34.42
-119.52,34.52
-119.52,34.61
-119.52,34.71
-119.52,34.8
-119.52,34.9
-119.52,34.99
-119.52,35.09
-119.52,35.19
-119.52,35.28
-119.52,35.38
-119.52,35.47
-119.52,35.57
-119.52,35.67
-119.52,35.76
-119.52,35.86
-119.52,35.95
-119.52,36.15
-119.52,36.24
-119.52,36.34
-119.52,36.43
-119.52,36.53
-119.52,36.63
-119.52,36.72
-119.52,36.82
-119.52,36.91
-119.52,37.01
-119.52,37.11
-119.52,37.2
-119.52,37.3
-119.52,37.39
-119.52,37.49
-119.52,37.59
-119.52,37.68
-119.52,37.78
-119.52,37.87
-119.52,37.97
-119.52,38.07
-119.52,38.16
-119.52,38.26
-119.52,38.35
-119.52,38.45
-119.52,38.55
-119.52,38.64
-119.52,38.74
-119.52,38.83
-119.52,38.93
-119.52,39.03
-119.52,39.12
-119.52,39.22
-119.52,39.31
-119.52,39.41
-119.52,39.51
-119.52,39.6
-119.52,39.7
-119.52,39.79
-119.52,39.89
-119.52,39.98
-119.41,33.94
-119.41,34.04
-119.41,34.13
-119.41,34.23
-119.41,34.32
-119.41,34.42
-119.41,34.52
-119.41,34.61
-119.41,34.71
-119.41,34.8
-119.41,34.9
-119.41,34.99
-119.41,35.09
-119.41,35.19
-119.41,35.28
-119.41,35.38
-119.41,35.47
-119.41,35.57
-119.41,35.67
-119.41,35.76
-119.41,35.86
-119.41,35.95
-119.41,36.05
-119.41,36.15
-119.41,36.24
-119.41,36.34
-119.41,36.43
-119.41,36.53
-119.41,36.63
-119.41,36.72
-119.41,36.82
-119.41,36.91
-119.41,37.01
-119.41,37.11
-119.41,37.2
-119.41,37.3
-119.41,37.39
-119.41,37.49
-119.41,37.59
-119.41,37.68
-119.41,37.78
-119.41,37.87
-119.41,37.97
-119.41,38.07
-119.41,38.16
-119.41,38.26
-119.41,38.35
-119.41,38.45
-119.41,38.55
-119.41,38.64
-119.41,38.74
-119.41,38.83
-119.41,38.93
-119.41,39.03
-119.41,39.12
-119.41,39.22
-119.41,39.31
-119.41,39.41
-119.41,39.51
-119.41,39.6
-119.41,39.7
-119.41,39.79
-119.41,39.89
-119.3,33.84
-119.3,33.94
-119.3,34.04
-119.3,34.13
-119.3,34.23
-119.3,34.32
-119.3,34.42
-119.3,34.52
-119.3,34.61
-119.3,34.71
-119.3,34.8
-119.3,34.99
-119.3,35.09
-119.3,35.19
-119.3,35.28
-119.3,35.38
-119.3,35.47
-119.3,35.57
-119.3,35.67
-119.3,35.76
-119.3,35.95
-119.3,36.05
-119.3,36.15
-119.3,36.24
-119.3,36.34
-119.3,36.43
-119.3,36.53
-119.3,36.63
-119.3,36.72
-119.3,36.82
-119.3,36.91
-119.3,37.01
-119.3,37.11
-119.3,37.2
-119.3,37.3
-119.3,37.39
-119.3,37.49
-119.3,37.59
-119.3,37.68
-119.3,37.78
-119.3,37.87
-119.3,37.97
-119.3,38.07
-119.3,38.16
-119.3,38.26
-119.3,38.35
-119.3,38.45
-119.3,38.55
-119.3,38.64
-119.3,38.74
-119.3,38.83
-119.3,38.93
-119.3,39.03
-119.3,39.12
-119.3,39.22
-119.3,39.31
-119.3,39.41
-119.3,39.51
-119.3,39.6
-119.3,39.7
-119.3,39.79
-119.2,33.75
-119.2,33.84
-119.2,33.94
-119.2,34.04
-119.2,34.13
-119.2,34.23
-119.2,34.32
-119.2,34.42
-119.2,34.52
-119.2,34.61
-119.2,34.71
-119.2,34.8
-119.2,34.9
-119.2,34.99
-119.2,35.09
-119.2,35.19
-119.2,35.28
-119.2,35.38
-119.2,35.47
-119.2,35.57
-119.2,35.67
-119.2,35.76
-119.2,35.86
-119.2,35.95
-119.2,36.05
-119.2,36.15
-119.2,36.24
-119.2,36.34
-119.2,36.43
-119.2,36.53
-119.2,36.63
-119.2,36.72
-119.2,36.82
-119.2,36.91
-119.2,37.01
-119.2,37.11
-119.2,37.2
-119.2,37.3
-119.2,37.39
-119.2,37.49
-119.2,37.59
-119.2,37.68
-119.2,37.78
-119.2,37.87
-119.2,37.97
-119.2,38.07
-119.2,38.16
-119.2,38.26
-119.2,38.35
-119.2,38.45
-119.2,38.55
-119.2,38.64
-119.2,38.74
-119.2,38.83
-119.2,38.93
-119.2,39.03
-119.2,39.12
-119.2,39.22
-119.2,39.31
-119.2,39.41
-119.2,39.51
-119.2,39.6
-119.2,39.7
-119.09,33.65
-119.09,33.75
-119.09,33.84
-119.09,33.94
-119.09,34.04
-119.09,34.13
-119.09,34.23
-119.09,34.32
-119.09,34.42
-119.09,34.52
-119.09,34.61
-119.09,34.71
-119.09,34.8
-119.09,34.9
-119.09,34.99
-119.09,35.09
-119.09,35.19
-119.09,35.28
-119.09,35.38
-119.09,35.47
-119.09,35.57
-119.09,35.67
-119.09,35.76
-119.09,35.86
-119.09,35.95
-119.09,36.05
-119.09,36.15
-119.09,36.24
-119.09,36.34
-119.09,36.43
-119.09,36.53
-119.09,36.63
-119.09,36.72
-119.09,36.82
-119.09,36.91
-119.09,37.01
-119.09,37.11
-119.09,37.2
-119.09,37.3
-119.09,37.39
-119.09,37.49
-119.09,37.59
-119.09,37.68
-119.09,37.78
-119.09,37.87
-119.09,37.97
-119.09,38.07
-119.09,38.16
-119.09,38.26
-119.09,38.35
-119.09,38.45
-119.09,38.55
-119.09,38.64
-119.09,38.74
-119.09,38.83
-119.09,38.93
-119.09,39.03
-119.09,39.12
-119.09,39.22
-119.09,39.31
-119.09,39.41
-119.09,39.51
-118.98,33.56
-118.98,33.65
-118.98,33.75
-118.98,33.84
-118.98,33.94
-118.98,34.04
-118.98,34.13
-118.98,34.23
-118.98,34.32
-118.98,34.42
-118.98,34.52
-118.98,34.61
-118.98,34.71
-118.98,34.8
-118.98,34.9
-118.98,34.99
-118.98,35.09
-118.98,35.19
-118.98,35.28
-118.98,35.38
-118.98,35.47
-118.98,35.57
-118.98,35.76
-118.98,35.86
-118.98,35.95
-118.98,36.05
-118.98,36.15
-118.98,36.24
-118.98,36.34
-118.98,36.43
-118.98,36.53
-118.98,36.63
-118.98,36.72
-118.98,36.82
-118.98,36.91
-118.98,37.01
-118.98,37.11
-118.98,37.2
-118.98,37.3
-118.98,37.39
-118.98,37.49
-118.98,37.59
-118.98,37.68
-118.98,37.78
-118.98,37.87
-118.98,37.97
-118.98,38.07
-118.98,38.16
-118.98,38.26
-118.98,38.35
-118.98,38.45
-118.98,38.55
-118.98,38.64
-118.98,38.74
-118.98,38.83
-118.98,38.93
-118.98,39.03
-118.98,39.12
-118.98,39.22
-118.98,39.31
-118.98,39.41
-118.88,33.46
-118.88,33.56
-118.88,33.65
-118.88,33.75
-118.88,33.84
-118.88,33.94
-118.88,34.04
-118.88,34.13
-118.88,34.23
-118.88,34.32
-118.88,34.42
-118.88,34.52
-118.88,34.61
-118.88,34.71
-118.88,34.8
-118.88,34.9
-118.88,34.99
-118.88,35.09
-118.88,35.28
-118.88,35.38
-118.88,35.47
-118.88,35.57
-118.88,35.67
-118.88,35.76
-118.88,35.86
-118.88,35.95
-118.88,36.05
-118.88,36.15
-118.88,36.24
-118.88,36.34
-118.88,36.43
-118.88,36.53
-118.88,36.63
-118.88,36.72
-118.88,36.82
-118.88,36.91
-118.88,37.01
-118.88,37.11
-118.88,37.2
-118.88,37.3
-118.88,37.39
-118.88,37.49
-118.88,37.59
-118.88,37.68
-118.88,37.78
-118.88,37.87
-118.88,37.97
-118.88,38.07
-118.88,38.16
-118.88,38.26
-118.88,38.35
-118.88,38.45
-118.88,38.55
-118.88,38.64
-118.88,38.74
-118.88,38.83
-118.88,38.93
-118.88,39.12
-118.88,39.22
-118.88,39.31
-118.77,33.36
-118.77,33.46
-118.77,33.56
-118.77,33.65
-118.77,33.75
-118.77,33.84
-118.77,33.94
-118.77,34.04
-118.77,34.13
-118.77,34.23
-118.77,34.32
-118.77,34.42
-118.77,34.52
-118.77,34.61
-118.77,34.71
-118.77,34.8
-118.77,34.9
-118.77,34.99
-118.77,35.09
-118.77,35.19
-118.77,35.28
-118.77,35.38
-118.77,35.47
-118.77,35.57
-118.77,35.67
-118.77,35.76
-118.77,35.86
-118.77,35.95
-118.77,36.05
-118.77,36.15
-118.77,36.24
-118.77,36.34
-118.77,36.43
-118.77,36.53
-118.77,36.63
-118.77,36.72
-118.77,36.82
-118.77,36.91
-118.77,37.01
-118.77,37.11
-118.77,37.2
-118.77,37.3
-118.77,37.39
-118.77,37.49
-118.77,37.59
-118.77,37.68
-118.77,37.78
-118.77,37.87
-118.77,37.97
-118.77,38.07
-118.77,38.16
-118.77,38.26
-118.77,38.35
-118.77,38.45
-118.77,38.55
-118.77,38.64
-118.77,38.74
-118.77,38.83
-118.77,38.93
-118.77,39.03
-118.77,39.12
-118.77,39.22
-118.67,33.17
-118.67,33.27
-118.67,33.36
-118.67,33.56
-118.67,33.65
-118.67,33.75
-118.67,33.84
-118.67,33.94
-118.67,34.04
-118.67,34.13
-118.67,34.23
-118.67,34.32
-118.67,34.42
-118.67,34.52
-118.67,34.61
-118.67,34.71
-118.67,34.8
-118.67,34.9
-118.67,34.99
-118.67,35.09
-118.67,35.19
-118.67,35.28
-118.67,35.38
-118.67,35.47
-118.67,35.57
-118.67,35.67
-118.67,35.76
-118.67,35.86
-118.67,35.95
-118.67,36.05
-118.67,36.15
-118.67,36.24
-118.67,36.34
-118.67,36.43
-118.67,36.53
-118.67,36.63
-118.67,36.72
-118.67,36.82
-118.67,36.91
-118.67,37.11
-118.67,37.2
-118.67,37.3
-118.67,37.39
-118.67,37.49
-118.67,37.59
-118.67,37.68
-118.67,37.78
-118.67,37.87
-118.67,37.97
-118.67,38.07
-118.67,38.16
-118.67,38.26
-118.67,38.35
-118.67,38.45
-118.67,38.55
-118.67,38.64
-118.67,38.74
-118.67,38.83
-118.67,38.93
-118.67,39.03
-118.67,39.12
-118.56,33.08
-118.56,33.17
-118.56,33.27
-118.56,33.36
-118.56,33.46
-118.56,33.56
-118.56,33.65
-118.56,33.75
-118.56,33.84
-118.56,33.94
-118.56,34.04
-118.56,34.13
-118.56,34.23
-118.56,34.32
-118.56,34.42
-118.56,34.52
-118.56,34.61
-118.56,34.71
-118.56,34.8
-118.56,34.9
-118.56,35.09
-118.56,35.19
-118.56,35.28
-118.56,35.38
-118.56,35.47
-118.56,35.57
-118.56,35.67
-118.56,35.76
-118.56,35.86
-118.56,35.95
-118.56,36.05
-118.56,36.15
-118.56,36.24
-118.56,36.34
-118.56,36.43
-118.56,36.53
-118.56,36.63
-118.56,36.72
-118.56,36.82
-118.56,36.91
-118.56,37.01
-118.56,37.11
-118.56,37.2
-118.56,37.3
-118.56,37.39
-118.56,37.49
-118.56,37.59
-118.56,37.68
-118.56,37.78
-118.56,37.87
-118.56,37.97
-118.56,38.07
-118.56,38.16
-118.56,38.26
-118.56,38.35
-118.56,38.45
-118.56,38.55
-118.56,38.64
-118.56,38.74
-118.56,38.83
-118.56,38.93
-118.56,39.03
-118.45,32.98
-118.45,33.08
-118.45,33.17
-118.45,33.27
-118.45,33.36
-118.45,33.46
-118.45,33.56
-118.45,33.65
-118.45,33.75
-118.45,33.84
-118.45,33.94
-118.45,34.04
-118.45,34.13
-118.45,34.23
-118.45,34.32
-118.45,34.42
-118.45,34.52
-118.45,34.61
-118.45,34.71
-118.45,34.8
-118.45,34.9
-118.45,34.99
-118.45,35.09
-118.45,35.19
-118.45,35.28
-118.45,35.38
-118.45,35.47
-118.45,35.57
-118.45,35.67
-118.45,35.76
-118.45,35.86
-118.45,35.95
-118.45,36.05
-118.45,36.15
-118.45,36.24
-118.45,36.34
-118.45,36.43
-118.45,36.53
-118.45,36.63
-118.45,36.72
-118.45,36.82
-118.45,36.91
-118.45,37.01
-118.45,37.11
-118.45,37.2
-118.45,37.3
-118.45,37.39
-118.45,37.49
-118.45,37.59
-118.45,37.68
-118.45,37.78
-118.45,37.87
-118.45,37.97
-118.45,38.07
-118.45,38.16
-118.45,38.26
-118.45,38.35
-118.45,38.45
-118.45,38.55
-118.45,38.64
-118.45,38.74
-118.45,38.83
-118.45,38.93
-118.35,32.88
-118.35,33.08
-118.35,33.27
-118.35,33.36
-118.35,33.46
-118.35,33.65
-118.35,33.75
-118.35,33.84
-118.35,33.94
-118.35,34.04
-118.35,34.13
-118.35,34.23
-118.35,34.32
-118.35,34.42
-118.35,34.52
-118.35,34.61
-118.35,34.71
-118.35,34.8
-118.35,34.9
-118.35,34.99
-118.35,35.09
-118.35,35.19
-118.35,35.28
-118.35,35.38
-118.35,35.47
-118.35,35.57
-118.35,35.67
-118.35,35.76
-118.35,35.86
-118.35,35.95
-118.35,36.05
-118.35,36.15
-118.35,36.24
-118.35,36.34
-118.35,36.43
-118.35,36.53
-118.35,36.63
-118.35,36.72
-118.35,36.82
-118.35,36.91
-118.35,37.01
-118.35,37.11
-118.35,37.2
-118.35,37.3
-118.35,37.39
-118.35,37.49
-118.35,37.59
-118.35,37.68
-118.35,37.78
-118.35,37.87
-118.35,37.97
-118.35,38.07
-118.35,38.16
-118.35,38.26
-118.35,38.35
-118.35,38.45
-118.35,38.55
-118.35,38.64
-118.35,38.74
-118.35,38.83
-118.24,32.79
-118.24,32.88
-118.24,32.98
-118.24,33.08
-118.24,33.17
-118.24,33.27
-118.24,33.36
-118.24,33.46
-118.24,33.56
-118.24,33.65
-118.24,33.75
-118.24,33.84
-118.24,33.94
-118.24,34.04
-118.24,34.13
-118.24,34.23
-118.24,34.32
-118.24,34.42
-118.24,34.52
-118.24,34.61
-118.24,34.71
-118.24,34.9
-118.24,34.99
-118.24,35.09
-118.24,35.19
-118.24,35.28
-118.24,35.38
-118.24,35.47
-118.24,35.57
-118.24,35.67
-118.24,35.76
-118.24,35.86
-118.24,36.05
-118.24,36.15
-118.24,36.24
-118.24,36.34
-118.24,36.43
-118.24,36.53
-118.24,36.63
-118.24,36.72
-118.24,36.82
-118.24,36.91
-118.24,37.01
-118.24,37.11
-118.24,37.2
-118.24,37.3
-118.24,37.39
-118.24,37.49
-118.24,37.59
-118.24,37.68
-118.24,37.78
-118.24,37.87
-118.24,37.97
-118.24,38.07
-118.24,38.16
-118.24,38.26
-118.24,38.35
-118.24,38.45
-118.24,38.55
-118.24,38.64
-118.24,38.74
-118.14,32.69
-118.14,32.79
-118.14,32.88
-118.14,32.98
-118.14,33.08
-118.14,33.17
-118.14,33.27
-118.14,33.36
-118.14,33.46
-118.14,33.56
-118.14,33.65
-118.14,33.75
-118.14,33.84
-118.14,33.94
-118.14,34.04
-118.14,34.13
-118.14,34.23
-118.14,34.32
-118.14,34.42
-118.14,34.52
-118.14,34.61
-118.14,34.71
-118.14,34.8
-118.14,34.9
-118.14,34.99
-118.14,35.09
-118.14,35.19
-118.14,35.28
-118.14,35.38
-118.14,35.47
-118.14,35.57
-118.14,35.67
-118.14,35.76
-118.14,35.86
-118.14,35.95
-118.14,36.05
-118.14,36.15
-118.14,36.24
-118.14,36.34
-118.14,36.43
-118.14,36.53
-118.14,36.63
-118.14,36.72
-118.14,36.82
-118.14,36.91
-118.14,37.01
-118.14,37.11
-118.14,37.2
-118.14,37.3
-118.14,37.39
-118.14,37.49
-118.14,37.59
-118.14,37.68
-118.14,37.78
-118.14,37.87
-118.14,37.97
-118.14,38.07
-118.14,38.16
-118.14,38.26
-118.14,38.35
-118.14,38.45
-118.14,38.55
-118.03,32.6
-118.03,32.69
-118.03,32.79
-118.03,32.88
-118.03,32.98
-118.03,33.08
-118.03,33.17
-118.03,33.27
-118.03,33.36
-118.03,33.46
-118.03,33.56
-118.03,33.65
-118.03,33.75
-118.03,33.84
-118.03,33.94
-118.03,34.04
-118.03,34.13
-118.03,34.23
-118.03,34.32
-118.03,34.42
-118.03,34.52
-118.03,34.61
-118.03,34.71
-118.03,34.8
-118.03,34.9
-118.03,34.99
-118.03,35.09
-118.03,35.19
-118.03,35.28
-118.03,35.38
-118.03,35.47
-118.03,35.57
-118.03,35.67
-118.03,35.76
-118.03,35.86
-118.03,35.95
-118.03,36.05
-118.03,36.15
-118.03,36.24
-118.03,36.34
-118.03,36.43
-118.03,36.63
-118.03,36.72
-118.03,36.91
-118.03,37.01
-118.03,37.11
-118.03,37.2
-118.03,37.3
-118.03,37.39
-118.03,37.59
-118.03,37.68
-118.03,37.78
-118.03,37.87
-118.03,37.97
-118.03,38.07
-118.03,38.16
-118.03,38.26
-118.03,38.35
-118.03,38.45
-117.92,32.5
-117.92,32.6
-117.92,32.69
-117.92,32.79
-117.92,32.88
-117.92,32.98
-117.92,33.08
-117.92,33.17
-117.92,33.27
-117.92,33.36
-117.92,33.46
-117.92,33.56
-117.92,33.65
-117.92,33.75
-117.92,33.84
-117.92,33.94
-117.92,34.04
-117.92,34.13
-117.92,34.23
-117.92,34.32
-117.92,34.42
-117.92,34.52
-117.92,34.61
-117.92,34.71
-117.92,34.8
-117.92,34.9
-117.92,34.99
-117.92,35.09
-117.92,35.19
-117.92,35.28
-117.92,35.38
-117.92,35.47
-117.92,35.57
-117.92,35.67
-117.92,35.76
-117.92,35.86
-117.92,35.95
-117.92,36.05
-117.92,36.15
-117.92,36.24
-117.92,36.34
-117.92,36.43
-117.92,36.53
-117.92,36.63
-117.92,36.72
-117.92,36.82
-117.92,36.91
-117.92,37.01
-117.92,37.11
-117.92,37.2
-117.92,37.3
-117.92,37.39
-117.92,37.49
-117.92,37.59
-117.92,37.68
-117.92,37.78
-117.92,37.87
-117.92,37.97
-117.92,38.07
-117.92,38.16
-117.92,38.26
-117.92,38.35
-117.82,32.5
-117.82,32.6
-117.82,32.69
-117.82,32.88
-117.82,32.98
-117.82,33.08
-117.82,33.17
-117.82,33.27
-117.82,33.36
-117.82,33.46
-117.82,33.56
-117.82,33.65
-117.82,33.75
-117.82,33.84
-117.82,33.94
-117.82,34.04
-117.82,34.13
-117.82,34.23
-117.82,34.32
-117.82,34.42
-117.82,34.52
-117.82,34.61
-117.82,34.71
-117.82,34.8
-117.82,34.9
-117.82,34.99
-117.82,35.09
-117.82,35.19
-117.82,35.28
-117.82,35.38
-117.82,35.47
-117.82,35.57
-117.82,35.67
-117.82,35.76
-117.82,35.86
-117.82,35.95
-117.82,36.05
-117.82,36.15
-117.82,36.24
-117.82,36.34
-117.82,36.43
-117.82,36.53
-117.82,36.63
-117.82,36.72
-117.82,36.82
-117.82,36.91
-117.82,37.01
-117.82,37.11
-117.82,37.2
-117.82,37.3
-117.82,37.39
-117.82,37.49
-117.82,37.59
-117.82,37.68
-117.82,37.78
-117.82,37.87
-117.82,37.97
-117.82,38.07
-117.82,38.16
-117.82,38.26
-117.71,32.5
-117.71,32.6
-117.71,32.69
-117.71,32.79
-117.71,32.88
-117.71,32.98
-117.71,33.08
-117.71,33.17
-117.71,33.27
-117.71,33.36
-117.71,33.46
-117.71,33.56
-117.71,33.65
-117.71,33.75
-117.71,33.84
-117.71,33.94
-117.71,34.04
-117.71,34.13
-117.71,34.32
-117.71,34.42
-117.71,34.52
-117.71,34.61
-117.71,34.71
-117.71,34.8
-117.71,34.9
-117.71,34.99
-117.71,35.09
-117.71,35.19
-117.71,35.28
-117.71,35.38
-117.71,35.47
-117.71,35.57
-117.71,35.67
-117.71,35.76
-117.71,35.86
-117.71,35.95
-117.71,36.05
-117.71,36.15
-117.71,36.24
-117.71,36.34
-117.71,36.43
-117.71,36.53
-117.71,36.63
-117.71,36.72
-117.71,36.82
-117.71,36.91
-117.71,37.01
-117.71,37.11
-117.71,37.2
-117.71,37.3
-117.71,37.39
-117.71,37.49
-117.71,37.59
-117.71,37.68
-117.71,37.78
-117.71,37.87
-117.71,37.97
-117.71,38.07
-117.71,38.16
-117.61,32.5
-117.61,32.6
-117.61,32.69
-117.61,32.79
-117.61,32.88
-117.61,32.98
-117.61,33.08
-117.61,33.17
-117.61,33.27
-117.61,33.36
-117.61,33.46
-117.61,33.56
-117.61,33.65
-117.61,33.75
-117.61,33.84
-117.61,33.94
-117.61,34.04
-117.61,34.13
-117.61,34.23
-117.61,34.32
-117.61,34.42
-117.61,34.52
-117.61,34.61
-117.61,34.71
-117.61,34.8
-117.61,34.9
-117.61,34.99
-117.61,35.09
-117.61,35.19
-117.61,35.38
-117.61,35.47
-117.61,35.57
-117.61,35.67
-117.61,35.76
-117.61,35.86
-117.61,35.95
-117.61,36.05
-117.61,36.15
-117.61,36.24
-117.61,36.34
-117.61,36.43
-117.61,36.53
-117.61,36.63
-117.61,36.72
-117.61,36.82
-117.61,36.91
-117.61,37.01
-117.61,37.11
-117.61,37.2
-117.61,37.3
-117.61,37.39
-117.61,37.49
-117.61,37.59
-117.61,37.68
-117.61,37.78
-117.61,37.87
-117.61,37.97
-117.61,38.07
-117.5,32.5
-117.5,32.6
-117.5,32.69
-117.5,32.79
-117.5,32.88
-117.5,32.98
-117.5,33.08
-117.5,33.17
-117.5,33.27
-117.5,33.36
-117.5,33.46
-117.5,33.56
-117.5,33.65
-117.5,33.75
-117.5,33.84
-117.5,33.94
-117.5,34.04
-117.5,34.13
-117.5,34.23
-117.5,34.32
-117.5,34.42
-117.5,34.52
-117.5,34.61
-117.5,34.71
-117.5,34.8
-117.5,34.9
-117.5,34.99
-117.5,35.09
-117.5,35.19
-117.5,35.28
-117.5,35.38
-117.5,35.47
-117.5,35.57
-117.5,35.67
-117.5,35.76
-117.5,35.86
-117.5,35.95
-117.5,36.05
-117.5,36.15
-117.5,36.24
-117.5,36.34
-117.5,36.43
-117.5,36.53
-117.5,36.63
-117.5,36.72
-117.5,36.82
-117.5,36.91
-117.5,37.01
-117.5,37.11
-117.5,37.2
-117.5,37.39
-117.5,37.49
-117.5,37.59
-117.5,37.68
-117.5,37.78
-117.5,37.87
-117.5,37.97
-117.39,32.5
-117.39,32.6
-117.39,32.69
-117.39,32.79
-117.39,32.98
-117.39,33.08
-117.39,33.17
-117.39,33.27
-117.39,33.36
-117.39,33.46
-117.39,33.56
-117.39,33.65
-117.39,33.75
-117.39,33.84
-117.39,33.94
-117.39,34.04
-117.39,34.13
-117.39,34.23
-117.39,34.32
-117.39,34.42
-117.39,34.52
-117.39,34.61
-117.39,34.71
-117.39,34.8
-117.39,34.9
-117.39,34.99
-117.39,35.09
-117.39,35.19
-117.39,35.28
-117.39,35.38
-117.39,35.47
-117.39,35.57
-117.39,35.67
-117.39,35.76
-117.39,35.86
-117.39,35.95
-117.39,36.05
-117.39,36.15
-117.39,36.24
-117.39,36.34
-117.39,36.43
-117.39,36.53
-117.39,36.63
-117.39,36.72
-117.39,36.82
-117.39,37.01
-117.39,37.11
-117.39,37.2
-117.39,37.3
-117.39,37.39
-117.39,37.49
-117.39,37.59
-117.39,37.68
-117.39,37.78
-117.39,37.87
-117.29,32.5
-117.29,32.6
-117.29,32.69
-117.29,32.79
-117.29,32.88
-117.29,32.98
-117.29,33.08
-117.29,33.17
-117.29,33.27
-117.29,33.36
-117.29,33.46
-117.29,33.56
-117.29,33.65
-117.29,33.75
-117.29,33.84
-117.29,33.94
-117.29,34.04
-117.29,34.13
-117.29,34.23
-117.29,34.32
-117.29,34.42
-117.29,34.52
-117.29,34.61
-117.29,34.8
-117.29,34.9
-117.29,34.99
-117.29,35.09
-117.29,35.19
-117.29,35.28
-117.29,35.38
-117.29,35.47
-117.29,35.57
-117.29,35.95
-117.29,36.05
-117.29,36.15
-117.29,36.24
-117.29,36.34
-117.29,36.43
-117.29,36.53
-117.29,36.63
-117.29,36.72
-117.29,36.82
-117.29,36.91
-117.29,37.01
-117.29,37.11
-117.29,37.2
-117.29,37.3
-117.29,37.39
-117.29,37.49
-117.29,37.59
-117.29,37.68
-117.29,37.78
-117.18,32.5
-117.18,32.6
-117.18,32.69
-117.18,32.79
-117.18,32.88
-117.18,32.98
-117.18,33.08
-117.18,33.17
-117.18,33.27
-117.18,33.36
-117.18,33.46
-117.18,33.56
-117.18,33.65
-117.18,33.75
-117.18,33.84
-117.18,33.94
-117.18,34.04
-117.18,34.13
-117.18,34.23
-117.18,34.32
-117.18,34.42
-117.18,34.52
-117.18,34.61
-117.18,34.71
-117.18,34.8
-117.18,34.9
-117.18,34.99
-117.18,35.09
-117.18,35.19
-117.18,35.28
-117.18,35.38
-117.18,35.47
-117.18,35.57
-117.18,35.67
-117.18,35.76
-117.18,35.86
-117.18,35.95
-117.18,36.05
-117.18,36.15
-117.18,36.24
-117.18,36.34
-117.18,36.43
-117.18,36.53
-117.18,36.63
-117.18,36.72
-117.18,36.82
-117.18,37.01
-117.18,37.11
-117.18,37.2
-117.18,37.3
-117.18,37.39
-117.18,37.49
-117.18,37.59
-117.18,37.68
-117.08,32.5
-117.08,32.6
-117.08,32.69
-117.08,32.79
-117.08,32.88
-117.08,32.98
-117.08,33.08
-117.08,33.17
-117.08,33.27
-117.08,33.36
-117.08,33.56
-117.08,33.65
-117.08,33.75
-117.08,33.84
-117.08,34.04
-117.08,34.13
-117.08,34.23
-117.08,34.32
-117.08,34.42
-117.08,34.52
-117.08,34.61
-117.08,34.71
-117.08,34.8
-117.08,34.9
-117.08,34.99
-117.08,35.09
-117.08,35.19
-117.08,35.38
-117.08,35.47
-117.08,35.57
-117.08,35.67
-117.08,35.76
-117.08,35.86
-117.08,35.95
-117.08,36.05
-117.08,36.15
-117.08,36.24
-117.08,36.34
-117.08,36.43
-117.08,36.53
-117.08,36.63
-117.08,36.72
-117.08,36.82
-117.08,36.91
-117.08,37.01
-117.08,37.11
-117.08,37.2
-117.08,37.3
-117.08,37.39
-117.08,37.49
-116.97,32.5
-116.97,32.6
-116.97,32.69
-116.97,32.79
-116.97,32.88
-116.97,32.98
-116.97,33.08
-116.97,33.17
-116.97,33.27
-116.97,33.36
-116.97,33.46
-116.97,33.56
-116.97,33.65
-116.97,33.75
-116.97,33.84
-116.97,33.94
-116.97,34.04
-116.97,34.13
-116.97,34.23
-116.97,34.32
-116.97,34.42
-116.97,34.52
-116.97,34.61
-116.97,34.71
-116.97,34.8
-116.97,34.9
-116.97,34.99
-116.97,35.09
-116.97,35.19
-116.97,35.28
-116.97,35.38
-116.97,35.47
-116.97,35.67
-116.97,35.76
-116.97,35.86
-116.97,35.95
-116.97,36.05
-116.97,36.15
-116.97,36.24
-116.97,36.34
-116.97,36.43
-116.97,36.53
-116.97,36.63
-116.97,36.72
-116.97,36.82
-116.97,36.91
-116.97,37.01
-116.97,37.11
-116.97,37.2
-116.97,37.3
-116.97,37.39
-116.86,32.5
-116.86,32.6
-116.86,32.69
-116.86,32.79
-116.86,32.88
-116.86,32.98
-116.86,33.08
-116.86,33.17
-116.86,33.27
-116.86,33.36
-116.86,33.46
-116.86,33.56
-116.86,33.65
-116.86,33.75
-116.86,33.84
-116.86,33.94
-116.86,34.04
-116.86,34.13
-116.86,34.23
-116.86,34.32
-116.86,34.42
-116.86,34.52
-116.86,34.61
-116.86,34.8
-116.86,34.9
-116.86,34.99
-116.86,35.09
-116.86,35.19
-116.86,35.28
-116.86,35.38
-116.86,35.47
-116.86,35.57
-116.86,35.67
-116.86,35.76
-116.86,35.86
-116.86,35.95
-116.86,36.05
-116.86,36.15
-116.86,36.24
-116.86,36.34
-116.86,36.43
-116.86,36.53
-116.86,36.63
-116.86,36.72
-116.86,36.82
-116.86,36.91
-116.86,37.01
-116.86,37.11
-116.86,37.2
-116.86,37.3
-116.76,32.5
-116.76,32.6
-116.76,32.69
-116.76,32.79
-116.76,32.88
-116.76,32.98
-116.76,33.08
-116.76,33.17
-116.76,33.27
-116.76,33.36
-116.76,33.46
-116.76,33.56
-116.76,33.65
-116.76,33.75
-116.76,33.94
-116.76,34.04
-116.76,34.13
-116.76,34.23
-116.76,34.32
-116.76,34.42
-116.76,34.52
-116.76,34.61
-116.76,34.71
-116.76,34.8
-116.76,34.9
-116.76,34.99
-116.76,35.09
-116.76,35.19
-116.76,35.28
-116.76,35.38
-116.76,35.47
-116.76,35.57
-116.76,35.67
-116.76,35.76
-116.76,35.86
-116.76,35.95
-116.76,36.05
-116.76,36.15
-116.76,36.24
-116.76,36.34
-116.76,36.43
-116.76,36.53
-116.76,36.63
-116.76,36.72
-116.76,36.82
-116.76,36.91
-116.76,37.01
-116.76,37.11
-116.76,37.2
-116.65,32.5
-116.65,32.6
-116.65,32.69
-116.65,32.79
-116.65,32.88
-116.65,32.98
-116.65,33.08
-116.65,33.17
-116.65,33.27
-116.65,33.36
-116.65,33.46
-116.65,33.56
-116.65,33.65
-116.65,33.75
-116.65,33.84
-116.65,33.94
-116.65,34.04
-116.65,34.13
-116.65,34.23
-116.65,34.32
-116.65,34.42
-116.65,34.52
-116.65,34.61
-116.65,34.8
-116.65,34.9
-116.65,34.99
-116.65,35.09
-116.65,35.19
-116.65,35.28
-116.65,35.38
-116.65,35.47
-116.65,35.57
-116.65,35.67
-116.65,35.76
-116.65,35.86
-116.65,35.95
-116.65,36.05
-116.65,36.15
-116.65,36.24
-116.65,36.34
-116.65,36.43
-116.65,36.63
-116.65,36.72
-116.65,36.82
-116.65,36.91
-116.65,37.01
-116.65,37.11
-116.55,32.5
-116.55,32.6
-116.55,32.69
-116.55,32.79
-116.55,32.88
-116.55,32.98
-116.55,33.08
-116.55,33.17
-116.55,33.27
-116.55,33.36
-116.55,33.46
-116.55,33.56
-116.55,33.65
-116.55,33.75
-116.55,33.84
-116.55,33.94
-116.55,34.04
-116.55,34.13
-116.55,34.23
-116.55,34.32
-116.55,34.42
-116.55,34.52
-116.55,34.61
-116.55,34.71
-116.55,34.8
-116.55,34.9
-116.55,34.99
-116.55,35.09
-116.55,35.19
-116.55,35.28
-116.55,35.38
-116.55,35.47
-116.55,35.57
-116.55,35.67
-116.55,35.76
-116.55,35.86
-116.55,35.95
-116.55,36.05
-116.55,36.15
-116.55,36.24
-116.55,36.34
-116.55,36.43
-116.55,36.53
-116.55,36.63
-116.55,36.72
-116.55,36.82
-116.55,36.91
-116.55,37.01
-116.44,32.5
-116.44,32.6
-116.44,32.69
-116.44,32.79
-116.44,32.88
-116.44,32.98
-116.44,33.08
-116.44,33.17
-116.44,33.27
-116.44,33.36
-116.44,33.46
-116.44,33.56
-116.44,33.65
-116.44,33.75
-116.44,33.84
-116.44,33.94
-116.44,34.04
-116.44,34.13
-116.44,34.23
-116.44,34.32
-116.44,34.42
-116.44,34.52
-116.44,34.61
-116.44,34.71
-116.44,34.8
-116.44,34.9
-116.44,34.99
-116.44,35.09
-116.44,35.19
-116.44,35.28
-116.44,35.38
-116.44,35.47
-116.44,35.57
-116.44,35.67
-116.44,35.76
-116.44,35.86
-116.44,35.95
-116.44,36.05
-116.44,36.15
-116.44,36.24
-116.44,36.34
-116.44,36.43
-116.44,36.53
-116.44,36.63
-116.44,36.72
-116.44,36.82
-116.44,36.91
-116.33,32.5
-116.33,32.6
-116.33,32.69
-116.33,32.79
-116.33,32.88
-116.33,32.98
-116.33,33.08
-116.33,33.17
-116.33,33.27
-116.33,33.36
-116.33,33.46
-116.33,33.56
-116.33,33.65
-116.33,33.75
-116.33,33.84
-116.33,33.94
-116.33,34.04
-116.33,34.13
-116.33,34.23
-116.33,34.32
-116.33,34.42
-116.33,34.52
-116.33,34.61
-116.33,34.71
-116.33,34.8
-116.33,34.9
-116.33,34.99
-116.33,35.09
-116.33,35.19
-116.33,35.28
-116.33,35.38
-116.33,35.47
-116.33,35.57
-116.33,35.67
-116.33,35.76
-116.33,35.86
-116.33,35.95
-116.33,36.05
-116.33,36.15
-116.33,36.24
-116.33,36.34
-116.33,36.43
-116.33,36.53
-116.33,36.63
-116.33,36.72
-116.33,36.82
-116.23,32.5
-116.23,32.6
-116.23,32.69
-116.23,32.79
-116.23,32.88
-116.23,32.98
-116.23,33.08
-116.23,33.17
-116.23,33.27
-116.23,33.36
-116.23,33.46
-116.23,33.56
-116.23,33.65
-116.23,33.75
-116.23,33.84
-116.23,33.94
-116.23,34.04
-116.23,34.13
-116.23,34.23
-116.23,34.32
-116.23,34.42
-116.23,34.52
-116.23,34.61
-116.23,34.71
-116.23,34.8
-116.23,34.9
-116.23,34.99
-116.23,35.09
-116.23,35.19
-116.23,35.28
-116.23,35.38
-116.23,35.47
-116.23,35.57
-116.23,35.67
-116.23,35.76
-116.23,35.86
-116.23,35.95
-116.23,36.05
-116.23,36.15
-116.23,36.24
-116.23,36.34
-116.23,36.43
-116.23,36.53
-116.23,36.63
-116.23,36.72
-116.12,32.5
-116.12,32.6
-116.12,32.69
-116.12,32.79
-116.12,32.88
-116.12,32.98
-116.12,33.08
-116.12,33.17
-116.12,33.27
-116.12,33.36
-116.12,33.46
-116.12,33.56
-116.12,33.65
-116.12,33.75
-116.12,33.84
-116.12,33.94
-116.12,34.04
-116.12,34.13
-116.12,34.23
-116.12,34.32
-116.12,34.42
-116.12,34.52
-116.12,34.61
-116.12,34.71
-116.12,34.8
-116.12,34.9
-116.12,34.99
-116.12,35.09
-116.12,35.19
-116.12,35.28
-116.12,35.38
-116.12,35.47
-116.12,35.57
-116.12,35.67
-116.12,35.76
-116.12,35.86
-116.12,35.95
-116.12,36.05
-116.12,36.15
-116.12,36.24
-116.12,36.34
-116.12,36.43
-116.12,36.53
-116.02,32.5
-116.02,32.6
-116.02,32.69
-116.02,32.79
-116.02,32.88
-116.02,32.98
-116.02,33.08
-116.02,33.17
-116.02,33.27
-116.02,33.36
-116.02,33.46
-116.02,33.56
-116.02,33.65
-116.02,33.75
-116.02,33.84
-116.02,33.94
-116.02,34.04
-116.02,34.13
-116.02,34.23
-116.02,34.32
-116.02,34.42
-116.02,34.52
-116.02,34.61
-116.02,34.71
-116.02,34.8
-116.02,34.9
-116.02,34.99
-116.02,35.09
-116.02,35.19
-116.02,35.28
-116.02,35.38
-116.02,35.47
-116.02,35.57
-116.02,35.67
-116.02,35.76
-116.02,35.86
-116.02,35.95
-116.02,36.05
-116.02,36.15
-116.02,36.24
-116.02,36.34
-116.02,36.43
-115.91,32.5
-115.91,32.6
-115.91,32.69
-115.91,32.79
-115.91,32.88
-115.91,32.98
-115.91,33.08
-115.91,33.17
-115.91,33.27
-115.91,33.36
-115.91,33.46
-115.91,33.56
-115.91,33.65
-115.91,33.75
-115.91,33.84
-115.91,33.94
-115.91,34.04
-115.91,34.13
-115.91,34.23
-115.91,34.32
-115.91,34.42
-115.91,34.52
-115.91,34.61
-115.91,34.71
-115.91,34.8
-115.91,34.9
-115.91,34.99
-115.91,35.09
-115.91,35.19
-115.91,35.28
-115.91,35.38
-115.91,35.47
-115.91,35.57
-115.91,35.67
-115.91,35.76
-115.91,35.86
-115.91,35.95
-115.91,36.05
-115.91,36.15
-115.91,36.24
-115.91,36.34
-115.8,32.5
-115.8,32.6
-115.8,32.69
-115.8,32.79
-115.8,32.88
-115.8,32.98
-115.8,33.08
-115.8,33.17
-115.8,33.27
-115.8,33.36
-115.8,33.46
-115.8,33.56
-115.8,33.65
-115.8,33.75
-115.8,33.84
-115.8,34.04
-115.8,34.13
-115.8,34.23
-115.8,34.32
-115.8,34.42
-115.8,34.52
-115.8,34.61
-115.8,34.71
-115.8,34.8
-115.8,34.9
-115.8,34.99
-115.8,35.09
-115.8,35.19
-115.8,35.28
-115.8,35.38
-115.8,35.47
-115.8,35.57
-115.8,35.67
-115.8,35.76
-115.8,35.86
-115.8,35.95
-115.8,36.05
-115.8,36.15
-115.8,36.24
-115.7,32.5
-115.7,32.6
-115.7,32.69
-115.7,32.79
-115.7,32.98
-115.7,33.08
-115.7,33.17
-115.7,33.27
-115.7,33.36
-115.7,33.46
-115.7,33.56
-115.7,33.65
-115.7,33.75
-115.7,33.84
-115.7,33.94
-115.7,34.04
-115.7,34.13
-115.7,34.23
-115.7,34.32
-115.7,34.42
-115.7,34.52
-115.7,34.61
-115.7,34.71
-115.7,34.8
-115.7,34.9
-115.7,34.99
-115.7,35.09
-115.7,35.19
-115.7,35.28
-115.7,35.38
-115.7,35.47
-115.7,35.57
-115.7,35.67
-115.7,35.76
-115.7,35.86
-115.7,35.95
-115.7,36.05
-115.7,36.15
-115.59,32.5
-115.59,32.6
-115.59,32.69
-115.59,32.79
-115.59,32.88
-115.59,32.98
-115.59,33.08
-115.59,33.17
-115.59,33.27
-115.59,33.36
-115.59,33.46
-115.59,33.56
-115.59,33.65
-115.59,33.75
-115.59,33.84
-115.59,33.94
-115.59,34.04
-115.59,34.13
-115.59,34.23
-115.59,34.32
-115.59,34.42
-115.59,34.52
-115.59,34.61
-115.59,34.71
-115.59,34.8
-115.59,34.9
-115.59,34.99
-115.59,35.09
-115.59,35.19
-115.59,35.28
-115.59,35.38
-115.59,35.47
-115.59,35.57
-115.59,35.67
-115.59,35.76
-115.59,35.86
-115.59,35.95
-115.59,36.05
-115.48,32.5
-115.48,32.6
-115.48,32.69
-115.48,32.79
-115.48,32.88
-115.48,32.98
-115.48,33.08
-115.48,33.17
-115.48,33.27
-115.48,33.36
-115.48,33.46
-115.48,33.56
-115.48,33.65
-115.48,33.75
-115.48,33.84
-115.48,33.94
-115.48,34.04
-115.48,34.13
-115.48,34.23
-115.48,34.32
-115.48,34.42
-115.48,34.52
-115.48,34.61
-115.48,34.71
-115.48,34.8
-115.48,34.9
-115.48,34.99
-115.48,35.09
-115.48,35.19
-115.48,35.28
-115.48,35.38
-115.48,35.47
-115.48,35.57
-115.48,35.67
-115.48,35.76
-115.48,35.86
-115.48,35.95
-115.38,32.5
-115.38,32.6
-115.38,32.69
-115.38,32.79
-115.38,32.88
-115.38,32.98
-115.38,33.08
-115.38,33.17
-115.38,33.27
-115.38,33.36
-115.38,33.46
-115.38,33.56
-115.38,33.65
-115.38,33.75
-115.38,33.84
-115.38,33.94
-115.38,34.04
-115.38,34.13
-115.38,34.23
-115.38,34.32
-115.38,34.42
-115.38,34.52
-115.38,34.61
-115.38,34.71
-115.38,34.8
-115.38,34.9
-115.38,34.99
-115.38,35.09
-115.38,35.19
-115.38,35.28
-115.38,35.38
-115.38,35.47
-115.38,35.57
-115.38,35.67
-115.38,35.76
-115.38,35.86
-115.27,32.5
-115.27,32.6
-115.27,32.69
-115.27,32.79
-115.27,32.88
-115.27,32.98
-115.27,33.08
-115.27,33.17
-115.27,33.27
-115.27,33.36
-115.27,33.46
-115.27,33.56
-115.27,33.65
-115.27,33.75
-115.27,33.84
-115.27,33.94
-115.27,34.04
-115.27,34.13
-115.27,34.23
-115.27,34.32
-115.27,34.42
-115.27,34.52
-115.27,34.61
-115.27,34.71
-115.27,34.9
-115.27,34.99
-115.27,35.09
-115.27,35.19
-115.27,35.28
-115.27,35.38
-115.27,35.47
-115.27,35.57
-115.27,35.67
-115.27,35.76
-115.17,32.5
-115.17,32.6
-115.17,32.69
-115.17,32.79
-115.17,32.88
-115.17,32.98
-115.17,33.08
-115.17,33.17
-115.17,33.27
-115.17,33.36
-115.17,33.46
-115.17,33.56
-115.17,33.65
-115.17,33.75
-115.17,33.84
-115.17,33.94
-115.17,34.04
-115.17,34.13
-115.17,34.23
-115.17,34.32
-115.17,34.42
-115.17,34.52
-115.17,34.61
-115.17,34.71
-115.17,34.8
-115.17,34.9
-115.17,34.99
-115.17,35.09
-115.17,35.19
-115.17,35.28
-115.17,35.38
-115.17,35.47
-115.17,35.57
-115.17,35.67
-115.06,32.5
-115.06,32.6
-115.06,32.69
-115.06,32.79
-115.06,32.88
-115.06,32.98
-115.06,33.08
-115.06,33.17
-115.06,33.27
-115.06,33.36
-115.06,33.46
-115.06,33.56
-115.06,33.65
-115.06,33.75
-115.06,33.84
-115.06,33.94
-115.06,34.04
-115.06,34.13
-115.06,34.23
-115.06,34.32
-115.06,34.42
-115.06,34.52
-115.06,34.61
-115.06,34.71
-115.06,34.8
-115.06,34.9
-115.06,34.99
-115.06,35.09
-115.06,35.19
-115.06,35.28
-115.06,35.38
-115.06,35.47
-114.95,32.5
-114.95,32.6
-114.95,32.69
-114.95,32.79
-114.95,32.88
-114.95,32.98
-114.95,33.08
-114.95,33.17
-114.95,33.27
-114.95,33.36
-114.95,33.46
-114.95,33.56
-114.95,33.65
-114.95,33.75
-114.95,33.84
-114.95,33.94
-114.95,34.04
-114.95,34.13
-114.95,34.23
-114.95,34.32
-114.95,34.42
-114.95,34.52
-114.95,34.61
-114.95,34.71
-114.95,34.8
-114.95,34.9
-114.95,34.99
-114.95,35.09
-114.95,35.19
-114.95,35.28
-114.95,35.38
-114.85,32.5
-114.85,32.6
-114.85,32.69
-114.85,32.79
-114.85,32.88
-114.85,32.98
-114.85,33.08
-114.85,33.17
-114.85,33.27
-114.85,33.36
-114.85,33.46
-114.85,33.56
-114.85,33.65
-114.85,33.75
-114.85,33.84
-114.85,33.94
-114.85,34.04
-114.85,34.13
-114.85,34.23
-114.85,34.32
-114.85,34.42
-114.85,34.52
-114.85,34.61
-114.85,34.71
-114.85,34.8
-114.85,34.9
-114.85,34.99
-114.85,35.09
-114.85,35.19
-114.85,35.28
-114.74,32.5
-114.74,32.6
-114.74,32.69
-114.74,32.79
-114.74,32.88
-114.74,32.98
-114.74,33.17
-114.74,33.27
-114.74,33.36
-114.74,33.46
-114.74,33.56
-114.74,33.65
-114.74,33.75
-114.74,33.84
-114.74,33.94
-114.74,34.04
-114.74,34.13
-114.74,34.23
-114.74,34.32
-114.74,34.42
-114.74,34.52
-114.74,34.61
-114.74,34.71
-114.74,34.8
-114.74,34.9
-114.74,34.99
-114.74,35.09
-114.74,35.19
-114.64,32.5
-114.64,32.6
-114.64,32.69
-114.64,32.79
-114.64,32.88
-114.64,32.98
-114.64,33.08
-114.64,33.17
-114.64,33.27
-114.64,33.36
-114.64,33.46
-114.64,33.56
-114.64,33.65
-114.64,33.75
-114.64,33.84
-114.64,33.94
-114.64,34.04
-114.64,34.13
-114.64,34.23
-114.64,34.32
-114.64,34.42
-114.64,34.52
-114.64,34.61
-114.64,34.71
-114.64,34.8
-114.64,34.9
-114.64,34.99
-114.64,35.09
-114.53,32.5
-114.53,32.6
-114.53,32.69
-114.53,32.79
-114.53,32.88
-114.53,32.98
-114.53,33.08
-114.53,33.17
-114.53,33.27
-114.53,33.36
-114.53,33.46
-114.53,33.56
-114.53,33.65
-114.53,33.75
-114.53,33.84
-114.53,33.94
-114.53,34.04
-114.53,34.13
-114.53,34.23
-114.53,34.32
-114.53,34.42
-114.53,34.52
-114.53,34.61
-114.53,34.71
-114.53,34.8
-114.53,34.9
-114.53,34.99
-114.42,32.5
-114.42,32.6
-114.42,32.69
-114.42,32.79
-114.42,32.88
-114.42,32.98
-114.42,33.08
-114.42,33.17
-114.42,33.27
-114.42,33.36
-114.42,33.46
-114.42,33.56
-114.42,33.65
-114.42,33.75
-114.42,33.84
-114.42,33.94
-114.42,34.04
-114.42,34.13
-114.42,34.23
-114.42,34.32
-114.42,34.42
-114.42,34.52
-114.42,34.61
-114.42,34.71
-114.42,34.8
-114.42,34.9
-114.32,32.5
-114.32,32.6
-114.32,32.69
-114.32,32.79
-114.32,32.88
-114.32,32.98
-114.32,33.08
-114.32,33.17
-114.32,33.27
-114.32,33.36
-114.32,33.46
-114.32,33.56
-114.32,33.65
-114.32,33.75
-114.32,33.84
-114.32,33.94
-114.32,34.13
-114.32,34.23
-114.32,34.32
-114.32,34.42
-114.32,34.52
-114.32,34.61
-114.32,34.71
-114.32,34.8
-114.21,32.5
-114.21,32.6
-114.21,32.69
-114.21,32.79
-114.21,32.88
-114.21,32.98
-114.21,33.08
-114.21,33.17
-114.21,33.27
-114.21,33.36
-114.21,33.46
-114.21,33.56
-114.21,33.65
-114.21,33.75
-114.21,33.84
-114.21,33.94
-114.21,34.04
-114.21,34.13
-114.21,34.23
-114.21,34.32
-114.21,34.42
-114.21,34.52
-114.21,34.61
-114.21,34.71
-114.11,32.5
-114.11,32.6
-114.11,32.69
-114.11,32.79
-114.11,32.88
-114.11,32.98
-114.11,33.08
-114.11,33.17
-114.11,33.27
-114.11,33.36
-114.11,33.46
-114.11,33.56
-114.11,33.65
-114.11,33.75
-114.11,33.84
-114.11,33.94
-114.11,34.04
-114.11,34.13
-114.11,34.23
-114.11,34.32
-114.11,34.42
-114.11,34.52
-114,32.5
-114,32.6
-114,32.69
-114,32.79
-114,32.88
-114,32.98
-114,33.08
-114,33.17
-114,33.27
-114,33.36
-114,33.46
-114,33.56
-114,33.65
-114,33.75
-114,33.84
-114,33.94
-114,34.04
-114,34.13
-114,34.23
-114,34.32
-114,34.42
